1.000000,0.000000,1.000000,-0.170189,1.307722,0.000000
0.000000,0.000000,0.000000,-0.664358,1.433841,0.000000
0.000000,0.000000,0.000000,-0.123193,1.442713,0.000000
1.000000,0.000000,0.000000,0.548786,2.506560,1.000000
1.000000,1.000000,0.000000,0.250518,-0.351190,1.000000
0.000000,0.000000,0.000000,0.069492,1.669325,1.000000
0.000000,1.000000,1.000000,-1.452838,3.577049,0.000000
0.000000,0.000000,0.000000,-0.308856,0.000462,1.000000
0.000000,0.000000,0.000000,0.295068,-0.161487,1.000000
1.000000,0.000000,0.000000,0.771988,1.000314,1.000000
1.000000,1.000000,0.000000,2.862272,-1.881844,1.000000
0.000000,0.000000,0.000000,-0.653248,1.613976,0.000000
1.000000,1.000000,1.000000,-1.605963,1.806128,0.000000
1.000000,0.000000,1.000000,-1.217813,0.930777,0.000000
0.000000,0.000000,1.000000,0.606789,-1.170379,0.000000
0.000000,0.000000,0.000000,0.168289,5.003117,0.000000
0.000000,0.000000,0.000000,0.036095,2.068097,0.000000
1.000000,0.000000,0.000000,1.597780,0.690785,1.000000
1.000000,0.000000,1.000000,-1.053525,1.109944,0.000000
0.000000,0.000000,1.000000,-1.735453,5.984620,0.000000
0.000000,0.000000,0.000000,-0.903047,3.701820,0.000000
0.000000,0.000000,0.000000,0.238482,-0.110833,0.000000
1.000000,0.000000,0.000000,0.045166,1.922138,0.000000
1.000000,0.000000,0.000000,-0.856547,0.183114,0.000000
1.000000,1.000000,0.000000,2.737163,-1.968182,1.000000
0.000000,0.000000,0.000000,0.970703,0.910514,0.000000
0.000000,0.000000,0.000000,-0.534739,2.731207,0.000000
0.000000,1.000000,1.000000,-1.141080,-1.588090,0.000000
0.000000,0.000000,0.000000,0.020681,2.102206,0.000000
1.000000,0.000000,0.000000,0.387891,-1.830964,1.000000
0.000000,0.000000,1.000000,-1.256419,1.413123,1.000000
1.000000,0.000000,1.000000,-1.582364,2.836014,0.000000
0.000000,0.000000,0.000000,-0.437777,2.289750,0.000000
1.000000,1.000000,1.000000,-1.165280,4.558654,0.000000
0.000000,0.000000,1.000000,0.321345,4.166058,0.000000
0.000000,0.000000,0.000000,-0.349362,0.922595,0.000000
0.000000,0.000000,1.000000,-1.730797,-0.058205,0.000000
0.000000,0.000000,1.000000,-0.262134,2.322628,0.000000
0.000000,0.000000,1.000000,-1.147630,-0.855037,0.000000
0.000000,0.000000,0.000000,-1.207534,3.157219,0.000000
1.000000,0.000000,0.000000,0.284942,1.506673,1.000000
0.000000,0.000000,0.000000,-2.231185,0.182978,0.000000
0.000000,0.000000,1.000000,-0.368678,1.629357,0.000000
0.000000,0.000000,1.000000,-0.876019,1.062632,0.000000
0.000000,0.000000,1.000000,-1.663670,1.203064,0.000000
1.000000,0.000000,0.000000,-0.877957,-5.031699,1.000000
0.000000,0.000000,0.000000,-0.803119,0.879514,0.000000
0.000000,0.000000,1.000000,-1.803050,5.328912,0.000000
0.000000,0.000000,1.000000,-0.901005,1.219442,0.000000
0.000000,0.000000,0.000000,-0.546059,2.784123,1.000000
0.000000,0.000000,0.000000,0.149013,0.465191,1.000000
0.000000,0.000000,0.000000,-0.692758,0.511269,0.000000
1.000000,1.000000,1.000000,0.480492,1.672354,0.000000
1.000000,0.000000,1.000000,0.873062,2.740252,0.000000
1.000000,1.000000,1.000000,-0.424309,2.075819,0.000000
1.000000,1.000000,1.000000,1.515604,-0.412720,1.000000
0.000000,1.000000,1.000000,-1.535673,2.585569,0.000000
0.000000,1.000000,0.000000,1.465277,-1.113600,0.000000
1.000000,1.000000,1.000000,0.401206,0.878769,1.000000
0.000000,0.000000,0.000000,-0.912718,1.071775,1.000000
0.000000,0.000000,1.000000,-0.628492,2.111249,0.000000
1.000000,1.000000,0.000000,0.917180,1.194665,0.000000
0.000000,1.000000,0.000000,-0.120809,3.472746,0.000000
1.000000,1.000000,1.000000,-0.215529,1.904435,0.000000
1.000000,1.000000,1.000000,-0.475062,0.147192,0.000000
1.000000,1.000000,1.000000,-0.027346,1.623467,0.000000
1.000000,0.000000,0.000000,0.124967,-1.030992,1.000000
0.000000,0.000000,0.000000,-1.002691,3.807917,0.000000
0.000000,0.000000,0.000000,-1.131691,1.576533,0.000000
1.000000,1.000000,0.000000,-0.502727,4.607221,0.000000
1.000000,0.000000,1.000000,1.682723,2.271110,0.000000
0.000000,0.000000,0.000000,0.194678,1.897686,0.000000
1.000000,0.000000,1.000000,-0.513501,2.118648,0.000000
0.000000,0.000000,0.000000,0.346071,1.463624,1.000000
1.000000,0.000000,1.000000,-0.083380,1.282824,1.000000
0.000000,0.000000,1.000000,-1.342154,1.009111,0.000000
0.000000,0.000000,0.000000,1.655752,0.039886,1.000000
0.000000,0.000000,0.000000,0.079950,4.657148,0.000000
0.000000,0.000000,1.000000,-2.100109,3.091428,0.000000
1.000000,1.000000,0.000000,2.169414,1.667460,1.000000
0.000000,0.000000,0.000000,0.136185,1.124617,0.000000
0.000000,0.000000,0.000000,0.384932,1.100141,0.000000
1.000000,1.000000,1.000000,-1.255356,-0.152624,0.000000
0.000000,0.000000,0.000000,-0.771487,0.177328,0.000000
0.000000,0.000000,1.000000,-2.751974,1.882824,0.000000
0.000000,0.000000,0.000000,0.357554,2.309123,0.000000
1.000000,0.000000,0.000000,1.324932,-2.333318,1.000000
0.000000,0.000000,0.000000,-1.138571,-2.277347,0.000000
1.000000,0.000000,0.000000,0.985513,-0.509958,1.000000
1.000000,0.000000,0.000000,-0.584216,1.575455,0.000000
1.000000,1.000000,0.000000,0.711651,-1.296815,0.000000
1.000000,1.000000,1.000000,0.261894,1.998789,0.000000
1.000000,1.000000,1.000000,2.024676,4.491124,0.000000
0.000000,0.000000,1.000000,-0.984262,3.434230,0.000000
0.000000,1.000000,1.000000,1.186475,3.386538,0.000000
1.000000,1.000000,0.000000,1.919955,-3.735651,1.000000
1.000000,1.000000,1.000000,-0.329043,1.067086,1.000000
1.000000,0.000000,0.000000,0.477360,-1.343530,1.000000
1.000000,1.000000,1.000000,-0.916634,2.336692,0.000000
0.000000,0.000000,1.000000,-1.052515,3.074325,0.000000
1.000000,1.000000,0.000000,0.413185,1.846835,0.000000
1.000000,0.000000,0.000000,0.906267,-0.739551,0.000000
0.000000,0.000000,1.000000,-0.200424,2.556772,0.000000
1.000000,0.000000,1.000000,0.494896,-0.927069,1.000000
1.000000,1.000000,1.000000,-0.256999,1.622959,0.000000
1.000000,1.000000,0.000000,0.259433,1.869481,0.000000
0.000000,0.000000,0.000000,0.383590,-1.420416,1.000000
1.000000,0.000000,0.000000,2.028291,-3.929970,1.000000
1.000000,0.000000,0.000000,0.666173,0.499805,0.000000
0.000000,0.000000,0.000000,1.048701,2.254848,0.000000
1.000000,1.000000,1.000000,0.116300,1.280993,0.000000
1.000000,1.000000,1.000000,0.025457,2.193483,0.000000
1.000000,0.000000,0.000000,-0.189450,1.449598,1.000000
1.000000,0.000000,0.000000,-0.451907,2.401476,0.000000
1.000000,0.000000,1.000000,-0.791839,3.561350,0.000000
0.000000,0.000000,0.000000,-1.181720,-0.069432,0.000000
0.000000,0.000000,0.000000,0.007927,2.497448,0.000000
1.000000,0.000000,1.000000,-0.623730,1.139509,1.000000
0.000000,0.000000,0.000000,0.541382,0.404868,0.000000
0.000000,0.000000,0.000000,1.411510,1.217549,1.000000
1.000000,0.000000,1.000000,0.150911,-0.800796,0.000000
1.000000,0.000000,0.000000,0.831093,-1.456314,1.000000
0.000000,0.000000,1.000000,-1.341947,2.957733,0.000000
1.000000,0.000000,1.000000,0.338151,-0.019958,0.000000
0.000000,1.000000,1.000000,0.868272,-0.001703,0.000000
1.000000,0.000000,1.000000,-2.321581,-1.188888,1.000000
0.000000,0.000000,0.000000,-0.140423,-0.081059,0.000000
0.000000,0.000000,0.000000,1.940424,5.317601,0.000000
0.000000,0.000000,0.000000,-0.988862,1.467984,0.000000
0.000000,0.000000,1.000000,-1.243261,-0.394117,0.000000
0.000000,1.000000,1.000000,-0.834141,0.320016,0.000000
1.000000,0.000000,0.000000,0.325355,-2.012261,1.000000
1.000000,0.000000,1.000000,-2.421630,-4.664751,0.000000
1.000000,0.000000,0.000000,1.985231,-0.848299,0.000000
0.000000,0.000000,0.000000,-1.106509,2.399749,0.000000
0.000000,0.000000,0.000000,0.217775,0.658763,0.000000
0.000000,0.000000,0.000000,1.031720,2.130878,0.000000
1.000000,0.000000,1.000000,-0.332152,-2.804357,1.000000
0.000000,0.000000,0.000000,-0.022318,1.791387,0.000000
1.000000,0.000000,0.000000,0.307041,-5.507408,0.000000
1.000000,1.000000,1.000000,-0.256484,1.300547,0.000000
1.000000,0.000000,0.000000,-0.920990,1.914671,0.000000
1.000000,0.000000,1.000000,-0.635949,-1.165842,0.000000
1.000000,0.000000,0.000000,1.913624,0.861780,1.000000
1.000000,0.000000,0.000000,0.571707,-1.147577,1.000000
1.000000,1.000000,1.000000,0.563560,0.512699,0.000000
0.000000,1.000000,0.000000,2.901706,5.296274,0.000000
1.000000,1.000000,0.000000,3.087476,3.554081,0.000000
0.000000,0.000000,0.000000,-0.604930,1.373989,0.000000
1.000000,0.000000,0.000000,-0.150876,-0.890662,1.000000
0.000000,0.000000,1.000000,-0.597113,3.144747,0.000000
0.000000,0.000000,1.000000,-0.448884,0.947738,0.000000
1.000000,1.000000,0.000000,1.376652,2.683038,1.000000
0.000000,0.000000,1.000000,-1.770835,1.972245,0.000000
0.000000,0.000000,0.000000,-0.257683,4.035207,0.000000
0.000000,0.000000,1.000000,-1.700790,3.277599,0.000000
0.000000,0.000000,1.000000,-1.521414,4.505558,0.000000
1.000000,0.000000,1.000000,-0.025848,2.823364,1.000000
0.000000,0.000000,1.000000,-2.174596,0.344638,0.000000
0.000000,0.000000,0.000000,1.144321,-0.468048,1.000000
0.000000,0.000000,0.000000,-2.325547,0.294289,0.000000
1.000000,1.000000,0.000000,2.147956,-1.639310,1.000000
0.000000,0.000000,1.000000,-0.869929,-1.752052,0.000000
0.000000,0.000000,0.000000,0.090266,4.015171,0.000000
0.000000,0.000000,0.000000,-0.066123,-1.857673,1.000000
1.000000,1.000000,0.000000,-0.585386,0.593276,0.000000
1.000000,0.000000,0.000000,1.939016,-1.095672,1.000000
1.000000,0.000000,1.000000,-0.403587,-0.258529,1.000000
0.000000,0.000000,0.000000,-1.381558,-2.100352,1.000000
0.000000,0.000000,0.000000,-1.320436,-1.399881,0.000000
1.000000,0.000000,0.000000,0.291455,1.048338,1.000000
1.000000,0.000000,0.000000,-1.312405,-3.666239,0.000000
0.000000,0.000000,1.000000,-0.996794,-0.253813,0.000000
0.000000,0.000000,0.000000,-1.779489,-0.849592,0.000000
1.000000,0.000000,0.000000,0.511056,-3.536475,0.000000
0.000000,0.000000,0.000000,-1.204415,1.324271,0.000000
0.000000,0.000000,1.000000,-2.274997,0.889777,0.000000
0.000000,0.000000,0.000000,-0.599309,4.283018,1.000000
0.000000,1.000000,1.000000,0.007478,0.932424,0.000000
1.000000,1.000000,1.000000,-0.305599,3.638292,0.000000
0.000000,0.000000,1.000000,-1.226994,2.394430,0.000000
0.000000,0.000000,0.000000,-0.108008,0.483746,0.000000
1.000000,0.000000,1.000000,-0.304124,-0.080150,0.000000
1.000000,1.000000,0.000000,1.762828,1.409451,0.000000
0.000000,1.000000,1.000000,-1.261255,4.155044,0.000000
0.000000,0.000000,0.000000,0.890581,-1.324877,1.000000
0.000000,0.000000,0.000000,-0.045485,4.598513,0.000000
1.000000,0.000000,0.000000,-0.058044,-0.575781,1.000000
1.000000,0.000000,1.000000,-0.380114,0.611032,0.000000
1.000000,0.000000,0.000000,0.856100,-1.069126,1.000000
0.000000,0.000000,0.000000,0.556246,3.587643,0.000000
0.000000,0.000000,1.000000,-0.976902,1.297113,0.000000
1.000000,0.000000,0.000000,0.522932,-0.065182,0.000000
0.000000,0.000000,0.000000,-0.877709,0.752906,0.000000
0.000000,0.000000,1.000000,-1.048833,1.202222,0.000000
0.000000,0.000000,0.000000,-0.194668,1.412633,0.000000
0.000000,1.000000,0.000000,1.190374,2.037051,1.000000
0.000000,0.000000,1.000000,-0.856284,2.532471,0.000000
1.000000,0.000000,0.000000,-0.495673,0.373150,0.000000
0.000000,0.000000,0.000000,1.002635,2.069233,1.000000
0.000000,0.000000,0.000000,0.115838,3.157421,1.000000
0.000000,0.000000,1.000000,-0.895895,0.612971,0.000000
1.000000,0.000000,0.000000,0.355008,-0.947235,1.000000
1.000000,1.000000,0.000000,1.166330,1.279085,1.000000
1.000000,1.000000,0.000000,0.152936,-2.045285,1.000000
0.000000,1.000000,1.000000,0.026898,4.863662,0.000000
0.000000,0.000000,0.000000,1.149979,1.071889,0.000000
1.000000,1.000000,1.000000,0.799727,6.753153,0.000000
0.000000,0.000000,1.000000,-0.236682,3.745670,0.000000
1.000000,0.000000,0.000000,0.211883,-0.521558,1.000000
0.000000,0.000000,0.000000,1.014226,3.090356,0.000000
0.000000,0.000000,0.000000,-0.424599,2.806652,0.000000
0.000000,0.000000,0.000000,-0.244957,1.284232,0.000000
0.000000,0.000000,0.000000,1.002149,2.038914,0.000000
0.000000,0.000000,1.000000,-2.045015,2.916513,0.000000
0.000000,0.000000,0.000000,-0.157944,2.367856,0.000000
0.000000,0.000000,0.000000,-2.222783,3.710057,0.000000
1.000000,0.000000,0.000000,0.550099,5.165641,0.000000
0.000000,0.000000,0.000000,-0.505559,1.139243,0.000000
1.000000,0.000000,0.000000,1.664341,3.226528,0.000000
0.000000,0.000000,0.000000,-2.055221,4.507174,0.000000
0.000000,0.000000,0.000000,0.712597,-4.002697,1.000000
0.000000,0.000000,0.000000,-0.957714,1.208035,0.000000
0.000000,0.000000,1.000000,-3.069698,0.756231,0.000000
0.000000,0.000000,1.000000,-2.280985,1.025043,0.000000
1.000000,1.000000,0.000000,1.211236,2.862887,0.000000
0.000000,0.000000,0.000000,1.214284,1.955442,0.000000
0.000000,0.000000,0.000000,-1.074066,1.591464,0.000000
1.000000,1.000000,1.000000,-0.103241,2.634938,0.000000
0.000000,0.000000,0.000000,-1.111582,6.620305,0.000000
0.000000,0.000000,0.000000,-0.068261,1.352749,0.000000
1.000000,1.000000,1.000000,0.619825,-2.592486,0.000000
1.000000,0.000000,1.000000,-1.643004,-0.550725,0.000000
0.000000,0.000000,0.000000,-0.531239,-0.907960,0.000000
0.000000,0.000000,0.000000,-0.888977,4.469219,0.000000
1.000000,0.000000,1.000000,-2.107785,-1.060129,1.000000
0.000000,0.000000,0.000000,-0.006360,-0.124618,0.000000
1.000000,0.000000,0.000000,-0.860665,-2.355602,1.000000
0.000000,0.000000,1.000000,-0.951614,0.200684,1.000000
0.000000,0.000000,0.000000,-0.200462,1.387080,0.000000
1.000000,0.000000,0.000000,2.279722,0.307158,1.000000
0.000000,0.000000,0.000000,-0.168992,3.452751,1.000000
1.000000,1.000000,0.000000,-0.559423,-1.764540,1.000000
0.000000,0.000000,1.000000,-1.325248,1.781861,0.000000
1.000000,1.000000,1.000000,1.858296,2.896835,0.000000
1.000000,0.000000,0.000000,1.238245,0.724312,0.000000
0.000000,0.000000,0.000000,-2.821636,1.092260,0.000000
0.000000,0.000000,0.000000,-0.105226,1.558990,0.000000
0.000000,0.000000,0.000000,-0.190293,5.232094,0.000000
1.000000,0.000000,1.000000,0.297165,-1.392349,1.000000
0.000000,0.000000,1.000000,-0.340091,4.689207,0.000000
1.000000,0.000000,0.000000,1.035102,-1.145882,1.000000
1.000000,1.000000,0.000000,1.159095,-0.768007,1.000000
0.000000,0.000000,0.000000,-0.044806,-0.316004,0.000000
1.000000,0.000000,0.000000,0.915917,0.274773,1.000000
1.000000,0.000000,0.000000,0.903404,0.070710,1.000000
1.000000,0.000000,0.000000,-0.880716,-3.084011,1.000000
0.000000,0.000000,1.000000,0.023234,1.183549,0.000000
0.000000,0.000000,1.000000,0.018328,2.003011,0.000000
0.000000,0.000000,0.000000,-0.042087,1.249399,1.000000
1.000000,1.000000,1.000000,-0.976557,-1.007056,0.000000
1.000000,0.000000,0.000000,0.717452,1.918360,1.000000
0.000000,0.000000,0.000000,1.329271,0.621944,0.000000
0.000000,0.000000,0.000000,0.168301,-2.743845,1.000000
0.000000,0.000000,1.000000,-1.281281,3.169831,0.000000
0.000000,0.000000,0.000000,-0.493940,2.043204,0.000000
0.000000,0.000000,0.000000,-0.575153,-2.690439,1.000000
0.000000,1.000000,1.000000,-1.135017,3.082857,0.000000
0.000000,0.000000,0.000000,-0.898845,-1.090823,0.000000
1.000000,0.000000,1.000000,-0.539356,-0.919280,1.000000
1.000000,0.000000,0.000000,0.439169,0.922935,1.000000
1.000000,1.000000,1.000000,0.436158,0.764861,0.000000
0.000000,0.000000,0.000000,-0.087816,1.457645,0.000000
0.000000,0.000000,0.000000,-0.172908,2.819533,0.000000
0.000000,0.000000,0.000000,0.313171,-0.670274,0.000000
0.000000,0.000000,1.000000,-1.393278,-0.707247,0.000000
0.000000,0.000000,1.000000,-2.002041,3.543085,0.000000
0.000000,0.000000,1.000000,-2.627257,2.397418,0.000000
0.000000,1.000000,0.000000,1.090910,3.607951,0.000000
0.000000,1.000000,0.000000,1.156433,3.701049,0.000000
0.000000,0.000000,0.000000,1.761069,2.770978,0.000000
1.000000,0.000000,0.000000,2.144989,0.923777,0.000000
0.000000,1.000000,1.000000,-1.093080,3.258113,0.000000
0.000000,0.000000,1.000000,-1.298727,1.261125,0.000000
1.000000,0.000000,0.000000,-0.817905,-0.145147,1.000000
1.000000,0.000000,1.000000,-1.533834,-1.547279,1.000000
0.000000,0.000000,1.000000,-1.003552,2.050261,0.000000
0.000000,0.000000,0.000000,0.192236,1.014638,0.000000
0.000000,0.000000,1.000000,0.262738,-0.775845,1.000000
0.000000,0.000000,0.000000,0.101232,3.690245,0.000000
0.000000,0.000000,0.000000,0.673784,1.230856,0.000000
1.000000,0.000000,0.000000,-0.164610,-1.294127,0.000000
1.000000,0.000000,0.000000,0.548583,-2.895012,1.000000
0.000000,0.000000,1.000000,-1.782801,5.058812,0.000000
0.000000,1.000000,0.000000,-0.314976,-1.757630,0.000000
0.000000,0.000000,0.000000,-0.231894,-0.607542,0.000000
0.000000,1.000000,1.000000,-0.757000,0.359801,0.000000
0.000000,1.000000,1.000000,-1.269392,3.889662,0.000000
0.000000,0.000000,0.000000,1.238761,-3.417512,1.000000
0.000000,0.000000,0.000000,-0.162882,0.875516,1.000000
1.000000,0.000000,1.000000,-1.285165,-4.135247,0.000000
0.000000,0.000000,1.000000,-1.594884,-0.985607,0.000000
1.000000,0.000000,0.000000,-0.934085,1.231417,0.000000
0.000000,0.000000,0.000000,-1.469861,3.680340,0.000000
0.000000,0.000000,1.000000,-2.532080,2.904366,0.000000
1.000000,0.000000,1.000000,-0.163553,0.718848,0.000000
0.000000,0.000000,1.000000,-1.529942,0.638234,0.000000
0.000000,0.000000,0.000000,0.130462,1.277115,0.000000
1.000000,0.000000,0.000000,1.369333,0.320603,0.000000
1.000000,0.000000,0.000000,0.107021,3.290698,0.000000
0.000000,1.000000,0.000000,1.173036,2.876618,0.000000
1.000000,1.000000,1.000000,-1.706606,2.327736,0.000000
0.000000,0.000000,1.000000,-0.996044,6.336890,0.000000
0.000000,0.000000,0.000000,-0.448219,0.269054,0.000000
0.000000,0.000000,0.000000,-1.443899,2.696022,0.000000
0.000000,0.000000,0.000000,-0.849073,2.037396,0.000000
0.000000,0.000000,1.000000,-1.270505,0.047974,0.000000
0.000000,0.000000,0.000000,0.702585,-0.114191,1.000000
0.000000,0.000000,1.000000,-2.432538,-0.988831,0.000000
0.000000,0.000000,0.000000,-0.747992,1.207031,0.000000
0.000000,0.000000,0.000000,1.017173,3.475254,0.000000
1.000000,0.000000,1.000000,-0.649268,-1.802599,1.000000
1.000000,1.000000,1.000000,0.596567,-0.035848,1.000000
1.000000,0.000000,0.000000,-0.178300,1.260118,0.000000
1.000000,0.000000,0.000000,0.641943,-3.876087,1.000000
1.000000,0.000000,0.000000,-0.227345,-2.014849,1.000000
1.000000,0.000000,1.000000,-0.750372,2.754466,0.000000
1.000000,1.000000,0.000000,2.593846,-0.574494,1.000000
0.000000,0.000000,1.000000,-1.839464,5.358530,0.000000
0.000000,0.000000,0.000000,-0.129030,0.845516,0.000000
1.000000,0.000000,1.000000,0.961425,3.234925,1.000000
0.000000,0.000000,0.000000,-1.271926,3.758561,0.000000
0.000000,0.000000,0.000000,-1.256285,1.285403,0.000000
1.000000,0.000000,0.000000,0.900470,0.922162,1.000000
0.000000,0.000000,1.000000,-1.709673,3.192602,0.000000
1.000000,0.000000,1.000000,-2.225350,0.305246,0.000000
0.000000,0.000000,0.000000,-0.204421,1.890529,0.000000
1.000000,1.000000,0.000000,1.564237,3.892259,0.000000
0.000000,0.000000,0.000000,0.337555,1.892117,0.000000
1.000000,0.000000,0.000000,-0.269653,0.043910,1.000000
1.000000,0.000000,0.000000,-0.665033,-1.062468,0.000000
0.000000,0.000000,1.000000,-0.141630,1.326581,1.000000
1.000000,0.000000,0.000000,2.821013,1.508277,1.000000
0.000000,1.000000,1.000000,-1.926281,2.995314,0.000000
0.000000,0.000000,0.000000,-0.004680,2.623555,0.000000
1.000000,0.000000,0.000000,-1.713734,0.509263,0.000000
0.000000,0.000000,0.000000,-0.914120,1.838336,0.000000
0.000000,0.000000,0.000000,-0.087932,2.584025,1.000000
0.000000,0.000000,0.000000,-1.077937,1.407631,0.000000
1.000000,0.000000,0.000000,0.616378,-3.162224,1.000000
0.000000,0.000000,1.000000,-1.425030,2.510218,0.000000
1.000000,0.000000,1.000000,-0.295292,0.881642,1.000000
0.000000,0.000000,1.000000,-0.085857,-2.131902,1.000000
0.000000,0.000000,1.000000,-1.599890,0.869145,0.000000
1.000000,0.000000,0.000000,0.522096,0.146115,0.000000
1.000000,1.000000,0.000000,0.769166,3.731948,0.000000
0.000000,0.000000,1.000000,-1.312995,1.311680,0.000000
0.000000,0.000000,0.000000,-1.416506,0.286505,0.000000
0.000000,0.000000,1.000000,-1.007416,1.896253,0.000000
1.000000,0.000000,1.000000,1.493176,-1.010994,1.000000
0.000000,0.000000,0.000000,-0.899991,1.081496,0.000000
1.000000,0.000000,0.000000,0.077544,-0.836458,1.000000
1.000000,0.000000,0.000000,1.023720,-3.811306,1.000000
1.000000,0.000000,1.000000,-0.671452,0.643354,0.000000
0.000000,0.000000,0.000000,-0.841157,3.565983,0.000000
0.000000,0.000000,1.000000,-0.603492,1.082536,0.000000
1.000000,1.000000,0.000000,0.886165,-1.701701,1.000000
0.000000,0.000000,1.000000,-1.127079,4.522852,0.000000
0.000000,0.000000,0.000000,-0.770336,3.415464,0.000000
0.000000,0.000000,1.000000,-1.504501,0.075509,1.000000
0.000000,1.000000,1.000000,-1.826988,0.227681,0.000000
1.000000,0.000000,0.000000,1.391995,1.650650,0.000000
1.000000,0.000000,1.000000,1.337969,-0.986242,1.000000
0.000000,0.000000,0.000000,-0.172374,0.945129,0.000000
0.000000,1.000000,0.000000,1.463619,5.301506,1.000000
0.000000,0.000000,1.000000,-1.968503,-2.141682,1.000000
0.000000,0.000000,0.000000,-0.654606,-2.462521,1.000000
1.000000,0.000000,0.000000,1.868236,0.277604,0.000000
0.000000,0.000000,0.000000,-0.091885,1.400138,1.000000
1.000000,0.000000,0.000000,-0.064944,-1.700146,0.000000
0.000000,0.000000,1.000000,-2.044518,5.299006,0.000000
1.000000,1.000000,1.000000,-0.880668,-0.316745,0.000000
1.000000,0.000000,0.000000,-1.950108,-0.705528,0.000000
0.000000,0.000000,1.000000,-2.366708,1.651169,0.000000
1.000000,0.000000,1.000000,0.278709,6.146025,0.000000
1.000000,0.000000,0.000000,0.082156,4.326972,0.000000
0.000000,0.000000,1.000000,-1.407587,1.633960,0.000000
1.000000,0.000000,0.000000,0.108814,0.319723,1.000000
0.000000,0.000000,1.000000,-2.832566,-0.222514,0.000000
0.000000,0.000000,0.000000,-0.751555,1.225551,0.000000
0.000000,0.000000,0.000000,-1.189566,3.061869,0.000000
0.000000,0.000000,0.000000,-1.562088,-1.310838,1.000000
1.000000,0.000000,0.000000,2.207136,-2.980654,0.000000
0.000000,0.000000,1.000000,-1.247283,0.270277,1.000000
0.000000,0.000000,1.000000,-0.855977,0.742040,0.000000
0.000000,0.000000,0.000000,-2.305423,4.763049,0.000000
1.000000,0.000000,0.000000,-1.823806,-1.425244,0.000000
0.000000,0.000000,0.000000,0.207555,0.118553,1.000000
0.000000,0.000000,0.000000,-1.859512,3.560453,0.000000
0.000000,0.000000,0.000000,-0.140579,4.323967,0.000000
1.000000,0.000000,0.000000,-0.298292,-0.092088,1.000000
0.000000,0.000000,0.000000,0.245574,0.793225,0.000000
0.000000,0.000000,0.000000,-0.526614,0.586891,1.000000
0.000000,0.000000,1.000000,-1.255231,2.156468,0.000000
1.000000,1.000000,0.000000,2.331891,1.456284,0.000000
1.000000,0.000000,0.000000,2.177658,-2.400877,1.000000
0.000000,0.000000,0.000000,-0.259952,-1.562547,0.000000
1.000000,1.000000,1.000000,-1.457072,-0.563667,0.000000
1.000000,0.000000,0.000000,0.325177,1.273703,1.000000
0.000000,0.000000,0.000000,0.344139,-0.719941,0.000000
0.000000,0.000000,0.000000,-0.734834,3.874359,0.000000
1.000000,1.000000,0.000000,-0.657585,1.530537,0.000000
1.000000,0.000000,0.000000,0.961490,0.759108,0.000000
0.000000,0.000000,0.000000,0.047564,3.303133,0.000000
1.000000,0.000000,0.000000,-0.370569,0.715962,0.000000
1.000000,1.000000,0.000000,0.927601,-0.223228,0.000000
0.000000,0.000000,1.000000,-0.396388,4.930476,0.000000
0.000000,0.000000,1.000000,-0.760686,2.324862,0.000000
0.000000,1.000000,1.000000,0.128352,1.696833,0.000000
0.000000,0.000000,0.000000,0.368259,2.470192,0.000000
1.000000,0.000000,0.000000,0.907395,1.500682,1.000000
1.000000,1.000000,0.000000,-0.069937,1.022421,0.000000
1.000000,1.000000,0.000000,-1.226076,-3.684678,1.000000
0.000000,0.000000,0.000000,1.429658,1.576229,0.000000
0.000000,1.000000,1.000000,0.667175,3.192617,0.000000
1.000000,1.000000,0.000000,2.068344,5.087144,0.000000
1.000000,0.000000,1.000000,1.231225,0.566834,1.000000
1.000000,0.000000,1.000000,0.213652,2.218763,1.000000
0.000000,0.000000,0.000000,-2.397079,0.371802,0.000000
1.000000,0.000000,0.000000,0.148020,-0.969674,0.000000
0.000000,0.000000,0.000000,0.723415,-0.758167,0.000000
0.000000,0.000000,0.000000,0.431517,-0.409914,0.000000
0.000000,0.000000,0.000000,0.056541,-0.182451,1.000000
0.000000,1.000000,0.000000,0.348756,0.677891,0.000000
0.000000,0.000000,0.000000,-0.310170,1.024471,0.000000
1.000000,1.000000,0.000000,0.207049,-0.400540,1.000000
1.000000,1.000000,1.000000,-1.092382,0.966791,0.000000
0.000000,0.000000,1.000000,-1.134866,-0.097139,1.000000
0.000000,0.000000,0.000000,-0.871548,0.144949,0.000000
1.000000,0.000000,0.000000,1.869175,0.687615,0.000000
0.000000,0.000000,0.000000,0.448361,0.349652,0.000000
0.000000,0.000000,0.000000,0.078502,4.052135,1.000000
1.000000,0.000000,0.000000,1.358091,3.058295,0.000000
0.000000,0.000000,0.000000,-0.099705,2.747159,0.000000
1.000000,0.000000,0.000000,1.231814,-0.433862,1.000000
1.000000,0.000000,0.000000,-0.203432,0.678906,0.000000
1.000000,0.000000,0.000000,-0.107302,-0.056849,1.000000
0.000000,0.000000,0.000000,-1.388504,1.194247,1.000000
0.000000,0.000000,0.000000,-1.550487,0.303385,1.000000
0.000000,0.000000,0.000000,-0.113731,1.695847,0.000000
0.000000,0.000000,0.000000,-0.001846,3.582795,0.000000
1.000000,0.000000,0.000000,1.295886,2.445861,0.000000
1.000000,0.000000,0.000000,0.974036,-4.153422,1.000000
0.000000,0.000000,0.000000,-0.650567,2.554734,0.000000
0.000000,0.000000,0.000000,-1.783133,-1.621076,0.000000
0.000000,0.000000,0.000000,-1.587601,2.711389,0.000000
0.000000,0.000000,0.000000,0.444975,1.655946,0.000000
1.000000,0.000000,0.000000,0.663856,-2.290043,1.000000
1.000000,0.000000,0.000000,-0.246872,1.894584,0.000000
0.000000,0.000000,0.000000,-1.190098,-1.714489,0.000000
0.000000,0.000000,0.000000,0.166638,5.246559,0.000000
1.000000,0.000000,0.000000,1.452664,-0.130750,1.000000
1.000000,0.000000,0.000000,-0.930509,-0.015702,0.000000
0.000000,0.000000,0.000000,-0.824204,0.973809,0.000000
1.000000,1.000000,1.000000,0.864989,-2.664766,1.000000
0.000000,0.000000,0.000000,0.219947,-2.092451,0.000000
0.000000,0.000000,0.000000,0.735819,1.315181,0.000000
0.000000,0.000000,0.000000,-0.744779,1.430671,0.000000
0.000000,0.000000,1.000000,-1.527856,2.136663,0.000000
0.000000,0.000000,1.000000,-1.999345,-0.323462,1.000000
0.000000,1.000000,0.000000,-0.530049,2.125126,0.000000
0.000000,0.000000,0.000000,0.113184,1.701019,0.000000
1.000000,1.000000,0.000000,0.765964,3.408971,1.000000
0.000000,0.000000,0.000000,-0.055308,2.559148,1.000000
0.000000,0.000000,0.000000,0.649216,2.291246,0.000000
0.000000,0.000000,0.000000,-1.288531,-1.438046,0.000000
1.000000,0.000000,1.000000,0.168618,-0.116328,1.000000
1.000000,0.000000,0.000000,0.327640,-0.624508,1.000000
0.000000,0.000000,0.000000,-0.117985,-1.569133,1.000000
0.000000,0.000000,0.000000,-0.058070,1.251511,0.000000
0.000000,0.000000,0.000000,1.574575,1.082729,0.000000
1.000000,1.000000,1.000000,0.928870,3.189872,0.000000
0.000000,0.000000,0.000000,-1.481955,1.171792,0.000000
1.000000,1.000000,0.000000,0.134928,-0.489311,0.000000
0.000000,0.000000,0.000000,0.508730,1.655274,0.000000
1.000000,1.000000,1.000000,0.700549,1.164276,1.000000
1.000000,1.000000,1.000000,-0.623677,0.696157,0.000000
0.000000,0.000000,0.000000,-0.714905,0.756727,0.000000
0.000000,0.000000,0.000000,-1.922882,2.908056,0.000000
0.000000,0.000000,0.000000,-0.943680,0.706581,1.000000
0.000000,0.000000,0.000000,-1.920646,-0.117070,0.000000
0.000000,0.000000,0.000000,0.607617,2.253866,1.000000
0.000000,0.000000,0.000000,0.306832,4.605850,0.000000
1.000000,1.000000,1.000000,1.048738,-0.400116,1.000000
0.000000,0.000000,0.000000,0.744231,3.463360,0.000000
1.000000,0.000000,0.000000,0.587711,0.990251,1.000000
0.000000,0.000000,0.000000,0.004765,1.037613,0.000000
0.000000,0.000000,0.000000,-0.624984,0.964192,0.000000
1.000000,1.000000,0.000000,1.334739,-2.759487,1.000000
1.000000,0.000000,0.000000,-0.453369,-1.018801,0.000000
0.000000,0.000000,1.000000,-1.031181,3.762007,0.000000
1.000000,0.000000,1.000000,-0.961261,-1.325605,0.000000
0.000000,0.000000,0.000000,1.479839,0.113403,0.000000
0.000000,0.000000,0.000000,-1.601948,5.598873,0.000000
0.000000,0.000000,0.000000,0.017030,0.786450,1.000000
0.000000,0.000000,1.000000,-1.743374,0.447810,0.000000
0.000000,0.000000,1.000000,-1.361457,1.984215,0.000000
1.000000,1.000000,1.000000,0.241731,1.667309,0.000000
0.000000,0.000000,0.000000,-0.788223,2.617221,0.000000
0.000000,0.000000,0.000000,0.748840,1.333871,0.000000
1.000000,0.000000,0.000000,0.272598,-0.463422,1.000000
0.000000,0.000000,0.000000,0.748593,-1.487765,1.000000
0.000000,0.000000,1.000000,-2.805001,0.468119,0.000000
0.000000,1.000000,1.000000,-0.051540,0.064837,0.000000
0.000000,0.000000,0.000000,0.656016,2.406026,0.000000
0.000000,0.000000,0.000000,0.849202,1.363745,0.000000
0.000000,0.000000,0.000000,-0.061174,-1.482432,1.000000
1.000000,0.000000,0.000000,-0.689191,0.422619,0.000000
1.000000,0.000000,0.000000,0.270961,-1.422993,1.000000
0.000000,0.000000,0.000000,-0.945789,2.282999,0.000000
0.000000,0.000000,1.000000,-1.680650,-1.155058,0.000000
0.000000,0.000000,0.000000,-1.713609,1.649741,0.000000
1.000000,1.000000,0.000000,2.687978,1.710256,0.000000
0.000000,0.000000,0.000000,1.094525,2.093601,1.000000
1.000000,0.000000,0.000000,-1.170941,-1.467906,1.000000
1.000000,0.000000,0.000000,-0.591178,-0.778251,1.000000
0.000000,0.000000,0.000000,-1.115687,2.271112,0.000000
1.000000,0.000000,0.000000,1.564508,-0.137935,0.000000
0.000000,0.000000,0.000000,0.365423,1.119011,1.000000
1.000000,0.000000,0.000000,-0.685509,-3.037322,1.000000
1.000000,0.000000,0.000000,0.675726,-0.876721,1.000000
1.000000,0.000000,0.000000,2.500744,1.577073,0.000000
0.000000,1.000000,1.000000,0.442793,2.689018,0.000000
0.000000,0.000000,0.000000,-0.514052,1.033435,0.000000
1.000000,1.000000,1.000000,0.484947,1.393336,0.000000
1.000000,1.000000,0.000000,-1.124942,1.209666,0.000000
1.000000,0.000000,1.000000,-1.110941,1.252074,0.000000
1.000000,0.000000,0.000000,0.117410,2.593564,0.000000
1.000000,1.000000,1.000000,-0.086315,-0.537498,1.000000
0.000000,0.000000,0.000000,-0.531319,-0.133402,0.000000
0.000000,1.000000,1.000000,0.756707,2.416432,0.000000
1.000000,0.000000,1.000000,-0.935667,-0.830479,0.000000
0.000000,0.000000,0.000000,0.251919,0.876218,0.000000
0.000000,0.000000,0.000000,-0.182671,3.438269,0.000000
1.000000,0.000000,1.000000,1.025396,0.094089,0.000000
1.000000,1.000000,0.000000,1.278274,3.477406,0.000000
0.000000,0.000000,0.000000,0.020741,1.932811,0.000000
0.000000,1.000000,0.000000,1.729205,0.942285,1.000000
0.000000,0.000000,0.000000,-0.373567,4.926707,0.000000
1.000000,1.000000,1.000000,0.069534,1.469821,1.000000
0.000000,1.000000,1.000000,0.313197,0.345555,1.000000
1.000000,0.000000,0.000000,-0.006193,3.355492,0.000000
0.000000,0.000000,1.000000,-2.471079,3.689260,0.000000
1.000000,0.000000,0.000000,-0.318306,1.991570,0.000000
1.000000,0.000000,0.000000,2.988809,1.675898,1.000000
0.000000,0.000000,0.000000,0.425632,2.417302,0.000000
0.000000,0.000000,0.000000,-0.085051,0.017939,0.000000
0.000000,0.000000,0.000000,-0.949775,0.260867,0.000000
0.000000,0.000000,0.000000,0.303601,1.384911,0.000000
0.000000,0.000000,0.000000,0.552064,-1.382244,1.000000
1.000000,0.000000,0.000000,1.674672,-0.348416,1.000000
0.000000,0.000000,1.000000,-1.449314,3.113643,0.000000
1.000000,0.000000,0.000000,0.188286,2.378939,0.000000
1.000000,0.000000,0.000000,1.092015,1.104881,1.000000
0.000000,0.000000,0.000000,-0.009458,4.307936,0.000000
1.000000,1.000000,1.000000,-0.523066,-0.210977,0.000000
0.000000,1.000000,1.000000,-1.549363,0.860394,0.000000
0.000000,0.000000,0.000000,0.076468,2.395748,0.000000
0.000000,0.000000,0.000000,0.660805,2.115184,0.000000
0.000000,0.000000,0.000000,-0.441625,0.798159,1.000000
0.000000,0.000000,1.000000,-0.767662,2.208252,0.000000
0.000000,0.000000,0.000000,1.276046,2.517571,0.000000
0.000000,0.000000,0.000000,0.181772,0.592805,0.000000
0.000000,0.000000,0.000000,-0.190705,-3.009466,0.000000
0.000000,0.000000,0.000000,-0.704993,-1.000860,1.000000
0.000000,0.000000,0.000000,-0.301105,0.521635,0.000000
1.000000,0.000000,0.000000,0.508095,-2.326116,1.000000
0.000000,1.000000,1.000000,-0.753498,2.927125,0.000000
0.000000,0.000000,1.000000,-0.606019,1.061505,0.000000
1.000000,0.000000,0.000000,-0.087017,1.709114,1.000000
1.000000,1.000000,0.000000,1.694248,2.139085,1.000000
0.000000,0.000000,0.000000,-0.069492,6.741708,0.000000
0.000000,0.000000,1.000000,-2.241677,1.925892,0.000000
1.000000,0.000000,1.000000,0.078679,-1.977621,1.000000
1.000000,1.000000,0.000000,1.432607,0.363268,1.000000
1.000000,0.000000,1.000000,-0.750919,1.941992,1.000000
1.000000,0.000000,1.000000,-0.112738,-0.611210,1.000000
0.000000,0.000000,1.000000,-0.664324,1.862098,0.000000
1.000000,0.000000,0.000000,1.708493,-2.021773,1.000000
0.000000,0.000000,0.000000,-1.411607,1.122361,1.000000
0.000000,0.000000,0.000000,0.327990,6.124859,0.000000
1.000000,0.000000,0.000000,1.176972,-2.884530,1.000000
0.000000,0.000000,0.000000,-0.681418,2.071091,0.000000
1.000000,0.000000,0.000000,1.095599,1.322419,0.000000
1.000000,0.000000,1.000000,-0.869447,-0.218556,0.000000
1.000000,0.000000,1.000000,0.795816,3.345671,0.000000
0.000000,0.000000,0.000000,0.222854,1.166198,0.000000
0.000000,0.000000,0.000000,0.033972,1.659344,0.000000
0.000000,0.000000,1.000000,-0.565860,1.821478,0.000000
1.000000,1.000000,0.000000,-0.418543,-0.009151,0.000000
0.000000,0.000000,0.000000,0.126683,-3.334430,0.000000
1.000000,0.000000,0.000000,1.022052,0.110535,0.000000
1.000000,0.000000,0.000000,0.279086,-2.269476,1.000000
0.000000,0.000000,0.000000,-1.151036,1.929146,0.000000
0.000000,0.000000,0.000000,0.051060,1.330438,0.000000
1.000000,1.000000,0.000000,-0.647174,-3.451440,1.000000
1.000000,1.000000,1.000000,-0.038578,1.715335,0.000000
0.000000,0.000000,1.000000,-1.409296,1.539801,0.000000
1.000000,1.000000,0.000000,1.576897,0.204664,0.000000
0.000000,0.000000,0.000000,1.079963,2.923816,0.000000
0.000000,0.000000,0.000000,-1.691166,-1.340751,0.000000
1.000000,0.000000,0.000000,1.297308,0.873275,1.000000
1.000000,1.000000,0.000000,1.318629,-1.351038,1.000000
0.000000,0.000000,0.000000,-0.548496,0.702175,0.000000
1.000000,0.000000,0.000000,0.078597,-1.963992,1.000000
0.000000,1.000000,1.000000,-1.109185,2.323502,0.000000
0.000000,0.000000,1.000000,-1.980529,1.783985,0.000000
1.000000,0.000000,1.000000,1.710040,-1.171140,1.000000
0.000000,0.000000,0.000000,-0.089561,-0.148609,1.000000
1.000000,0.000000,1.000000,-0.118776,3.086800,0.000000
1.000000,0.000000,0.000000,1.615004,2.318842,1.000000
0.000000,0.000000,0.000000,-1.787176,3.904457,0.000000
1.000000,0.000000,0.000000,1.331226,-0.118132,1.000000
0.000000,0.000000,0.000000,-1.256930,-0.494148,0.000000
0.000000,1.000000,0.000000,-1.651594,3.975441,0.000000
0.000000,0.000000,0.000000,-0.350884,2.947636,0.000000
0.000000,0.000000,0.000000,-1.570889,2.739282,0.000000
0.000000,0.000000,0.000000,-0.376171,4.666459,0.000000
0.000000,0.000000,1.000000,-0.832285,1.107823,1.000000
0.000000,0.000000,1.000000,-1.525404,0.592009,0.000000
0.000000,0.000000,1.000000,-0.677711,0.024579,0.000000
1.000000,1.000000,1.000000,0.707579,1.233238,1.000000
1.000000,0.000000,0.000000,-1.229184,1.965140,0.000000
1.000000,0.000000,0.000000,0.354081,0.650990,1.000000
0.000000,0.000000,0.000000,1.251055,3.443047,0.000000
0.000000,0.000000,0.000000,-0.371168,1.639917,0.000000
1.000000,0.000000,1.000000,0.032048,1.649682,0.000000
1.000000,0.000000,0.000000,0.032088,0.297399,0.000000
0.000000,0.000000,0.000000,-0.898605,0.650715,0.000000
1.000000,0.000000,0.000000,1.079249,-0.447044,1.000000
0.000000,0.000000,0.000000,-0.568665,2.005515,0.000000
0.000000,0.000000,1.000000,-0.631661,2.554576,0.000000
1.000000,0.000000,1.000000,-0.787711,0.157020,0.000000
0.000000,0.000000,0.000000,-0.803861,4.469459,1.000000
0.000000,0.000000,0.000000,0.458818,3.204976,0.000000
0.000000,0.000000,0.000000,-0.387773,1.462556,0.000000
1.000000,0.000000,0.000000,2.424595,-0.582647,1.000000
1.000000,0.000000,0.000000,0.298883,2.292710,0.000000
1.000000,0.000000,0.000000,2.368999,0.562713,1.000000
1.000000,0.000000,0.000000,0.540545,1.471322,0.000000
0.000000,0.000000,1.000000,-1.730901,1.805351,0.000000
1.000000,0.000000,0.000000,0.355925,-3.017281,1.000000
0.000000,0.000000,0.000000,2.100572,2.724045,1.000000
0.000000,0.000000,0.000000,1.407735,-0.338581,0.000000
0.000000,1.000000,0.000000,2.022789,-0.757786,0.000000
0.000000,0.000000,1.000000,-1.550321,2.798748,0.000000
0.000000,0.000000,0.000000,0.790974,1.644777,0.000000
0.000000,0.000000,0.000000,-0.211090,2.021625,0.000000
0.000000,0.000000,1.000000,-1.220778,0.492812,1.000000
1.000000,0.000000,0.000000,-0.486191,-1.852283,1.000000
1.000000,1.000000,1.000000,-1.645144,0.752616,1.000000
1.000000,1.000000,1.000000,-0.352497,0.440342,0.000000
0.000000,0.000000,0.000000,-0.289225,1.528379,1.000000
1.000000,1.000000,1.000000,1.162086,-1.140839,0.000000
1.000000,0.000000,0.000000,0.832750,-2.686344,0.000000
1.000000,1.000000,0.000000,2.055688,0.157885,0.000000
0.000000,0.000000,0.000000,-0.001062,2.940431,0.000000
1.000000,0.000000,0.000000,0.191644,1.122145,0.000000
0.000000,0.000000,0.000000,-0.356920,0.696524,1.000000
1.000000,0.000000,1.000000,-0.749270,0.855753,0.000000
1.000000,0.000000,0.000000,1.003143,-1.337423,0.000000
1.000000,0.000000,0.000000,1.486887,-0.682175,1.000000
1.000000,0.000000,1.000000,-0.121490,1.557012,0.000000
0.000000,0.000000,1.000000,-0.000870,-0.022697,0.000000
0.000000,0.000000,1.000000,-2.390550,1.906568,0.000000
0.000000,0.000000,0.000000,-0.848848,2.217943,0.000000
1.000000,1.000000,1.000000,-0.226733,-0.894461,1.000000
0.000000,0.000000,1.000000,-2.199317,0.146093,0.000000
0.000000,0.000000,0.000000,-1.996282,0.861051,0.000000
1.000000,0.000000,0.000000,3.584491,-1.107689,1.000000
0.000000,0.000000,0.000000,-2.393950,1.109374,0.000000
1.000000,1.000000,1.000000,-0.560319,-0.463078,1.000000
1.000000,0.000000,0.000000,0.393526,-3.734688,1.000000
1.000000,1.000000,0.000000,0.635784,0.545051,0.000000
1.000000,1.000000,0.000000,0.777441,-2.243563,1.000000
1.000000,0.000000,0.000000,1.787926,-0.360809,1.000000
1.000000,1.000000,1.000000,0.092363,3.495125,0.000000
0.000000,1.000000,1.000000,-1.224140,5.545562,0.000000
0.000000,0.000000,1.000000,-2.475904,2.592867,0.000000
0.000000,0.000000,0.000000,0.399115,3.290950,1.000000
1.000000,0.000000,0.000000,0.664750,-2.857326,0.000000
1.000000,1.000000,0.000000,-0.913932,-1.574872,1.000000
0.000000,0.000000,1.000000,-0.662290,-0.026704,0.000000
0.000000,0.000000,1.000000,-0.960531,-1.048076,1.000000
0.000000,0.000000,1.000000,-1.083668,4.486636,0.000000
0.000000,0.000000,0.000000,-1.050660,0.756007,0.000000
0.000000,0.000000,0.000000,0.048009,1.743974,0.000000
0.000000,1.000000,0.000000,-1.298162,1.683343,1.000000
0.000000,0.000000,1.000000,-1.994473,0.805970,0.000000
0.000000,0.000000,0.000000,-0.064021,1.871416,0.000000
1.000000,0.000000,0.000000,1.045085,0.716119,0.000000
1.000000,1.000000,1.000000,-0.562277,-0.640041,1.000000
1.000000,0.000000,0.000000,1.172166,-0.961422,1.000000
1.000000,0.000000,0.000000,0.642321,0.977185,1.000000
1.000000,1.000000,0.000000,1.373781,0.755575,0.000000
1.000000,0.000000,0.000000,0.587094,1.204852,1.000000
0.000000,0.000000,0.000000,-0.554169,2.485736,0.000000
1.000000,0.000000,0.000000,0.917854,3.819020,1.000000
1.000000,1.000000,1.000000,0.479889,3.454258,0.000000
0.000000,1.000000,0.000000,0.295635,2.127624,0.000000
1.000000,0.000000,0.000000,0.551336,1.566072,1.000000
0.000000,0.000000,1.000000,-1.944713,4.056351,0.000000
1.000000,1.000000,1.000000,-0.030757,-0.507483,0.000000
1.000000,1.000000,0.000000,2.104762,1.249663,0.000000
1.000000,0.000000,1.000000,0.305819,4.034614,1.000000
0.000000,0.000000,1.000000,-1.184253,0.693503,0.000000
1.000000,0.000000,0.000000,1.095434,-2.191139,1.000000
0.000000,0.000000,0.000000,-0.045578,1.605427,1.000000
1.000000,0.000000,1.000000,-1.163908,-1.198710,1.000000
1.000000,0.000000,1.000000,-0.368312,-0.970634,1.000000
1.000000,0.000000,0.000000,1.539284,0.996905,0.000000
1.000000,0.000000,0.000000,0.830852,2.509296,1.000000
0.000000,1.000000,1.000000,-2.419903,3.309741,0.000000
0.000000,0.000000,0.000000,0.718318,0.586570,0.000000
0.000000,0.000000,0.000000,1.174735,1.452887,1.000000
0.000000,0.000000,0.000000,0.140148,0.833340,0.000000
1.000000,1.000000,0.000000,1.858942,1.517078,1.000000
0.000000,0.000000,0.000000,-0.518330,-0.501744,1.000000
0.000000,0.000000,0.000000,0.951498,0.335975,1.000000
0.000000,0.000000,0.000000,-0.642287,2.857417,0.000000
0.000000,0.000000,1.000000,-1.077363,2.789668,0.000000
0.000000,0.000000,1.000000,-1.551625,2.387881,0.000000
0.000000,0.000000,1.000000,-3.309625,6.118799,0.000000
0.000000,0.000000,0.000000,-1.167303,1.382266,0.000000
0.000000,0.000000,1.000000,-0.011917,2.932525,0.000000
1.000000,0.000000,1.000000,-1.511536,-0.527934,1.000000
0.000000,0.000000,1.000000,-0.316934,1.174980,0.000000
1.000000,1.000000,1.000000,0.677905,-1.862330,0.000000
0.000000,0.000000,1.000000,-1.799583,-0.861604,0.000000
0.000000,0.000000,0.000000,0.659199,-0.239194,0.000000
0.000000,0.000000,0.000000,-0.569422,0.061515,0.000000
0.000000,0.000000,0.000000,-0.184478,4.394130,0.000000
1.000000,0.000000,1.000000,-0.749447,1.086101,0.000000
0.000000,0.000000,0.000000,0.207628,3.569080,0.000000
0.000000,1.000000,0.000000,-0.835453,0.232445,0.000000
1.000000,0.000000,0.000000,-0.273150,1.740329,0.000000
0.000000,0.000000,0.000000,-0.959230,1.325725,0.000000
0.000000,0.000000,1.000000,-1.220219,4.269014,0.000000
0.000000,0.000000,0.000000,1.127921,1.051738,1.000000
1.000000,1.000000,1.000000,0.848481,1.761511,0.000000
1.000000,0.000000,0.000000,0.669760,-2.542786,1.000000
0.000000,0.000000,0.000000,-0.612528,3.657876,0.000000
1.000000,0.000000,1.000000,-0.334019,2.025858,0.000000
0.000000,0.000000,0.000000,1.105085,0.692967,0.000000
0.000000,0.000000,1.000000,-2.138782,-0.621855,0.000000
0.000000,0.000000,1.000000,-1.418052,3.146303,0.000000
0.000000,0.000000,1.000000,-2.457947,3.211889,0.000000
0.000000,0.000000,0.000000,-0.349501,1.117218,0.000000
0.000000,0.000000,0.000000,0.137178,2.009417,0.000000
0.000000,1.000000,1.000000,-0.728526,3.425467,0.000000
0.000000,0.000000,1.000000,-1.465596,6.016295,0.000000
0.000000,0.000000,0.000000,-0.879322,2.290902,0.000000
0.000000,1.000000,1.000000,-1.613279,2.287020,0.000000
0.000000,0.000000,0.000000,-0.774673,-0.221674,0.000000
0.000000,0.000000,0.000000,-0.472988,4.574072,0.000000
0.000000,0.000000,0.000000,-0.566861,0.150049,0.000000
0.000000,0.000000,1.000000,0.511109,-0.249370,1.000000
1.000000,0.000000,0.000000,-0.860788,2.933982,0.000000
0.000000,0.000000,0.000000,-0.925380,3.097097,0.000000
0.000000,0.000000,0.000000,0.039987,1.147609,1.000000
1.000000,0.000000,0.000000,0.695714,2.258634,1.000000
0.000000,0.000000,0.000000,1.257466,2.874689,0.000000
0.000000,0.000000,0.000000,-0.914749,1.790271,0.000000
0.000000,0.000000,0.000000,-0.643972,1.795627,0.000000
0.000000,1.000000,0.000000,1.071590,6.115390,0.000000
0.000000,0.000000,0.000000,0.671375,4.192773,0.000000
0.000000,0.000000,0.000000,-1.016336,4.400621,0.000000
0.000000,0.000000,1.000000,0.790215,0.899859,0.000000
0.000000,0.000000,1.000000,-2.437145,3.470777,0.000000
1.000000,0.000000,0.000000,1.801927,-0.474805,1.000000
1.000000,1.000000,0.000000,2.344942,0.947704,0.000000
1.000000,0.000000,0.000000,0.381512,4.837748,0.000000
1.000000,1.000000,1.000000,-0.484345,-0.555119,0.000000
1.000000,0.000000,1.000000,0.560937,-0.359920,1.000000
1.000000,0.000000,0.000000,1.575408,1.692602,0.000000
1.000000,1.000000,0.000000,1.132567,0.035419,0.000000
0.000000,0.000000,1.000000,-1.721124,2.028884,0.000000
0.000000,0.000000,0.000000,-1.131316,1.779103,0.000000
0.000000,0.000000,0.000000,1.630794,1.760471,0.000000
1.000000,1.000000,1.000000,0.252661,0.020307,0.000000
0.000000,0.000000,0.000000,-0.442938,-1.999805,1.000000
0.000000,0.000000,0.000000,0.139217,2.369000,0.000000
0.000000,0.000000,0.000000,-0.013011,0.414312,0.000000
0.000000,0.000000,1.000000,-1.973904,0.301813,0.000000
1.000000,1.000000,1.000000,-0.410460,1.935237,0.000000
1.000000,0.000000,0.000000,-0.930438,-2.639415,1.000000
1.000000,1.000000,0.000000,0.584038,1.158443,0.000000
1.000000,1.000000,1.000000,0.237348,6.065170,0.000000
0.000000,0.000000,0.000000,-0.512460,3.538352,0.000000
0.000000,0.000000,0.000000,-0.050452,0.267804,0.000000
1.000000,0.000000,0.000000,0.553873,2.122253,0.000000
1.000000,0.000000,0.000000,0.336952,-0.259109,0.000000
1.000000,0.000000,0.000000,2.946349,1.536880,1.000000
0.000000,0.000000,0.000000,0.071090,1.325485,0.000000
0.000000,0.000000,0.000000,0.660971,-3.185115,1.000000
1.000000,0.000000,0.000000,-0.739801,0.524459,1.000000
0.000000,0.000000,1.000000,1.656479,-0.021182,1.000000
0.000000,0.000000,1.000000,-0.425519,0.690958,1.000000
0.000000,0.000000,0.000000,0.443975,2.298840,1.000000
0.000000,0.000000,0.000000,0.815163,-0.388786,1.000000
0.000000,0.000000,1.000000,-1.856377,3.285982,1.000000
1.000000,0.000000,0.000000,-0.426849,2.283422,0.000000
0.000000,0.000000,0.000000,0.555522,1.170660,0.000000
1.000000,0.000000,1.000000,-0.202794,1.547427,0.000000
1.000000,0.000000,0.000000,-1.103587,-1.087205,0.000000
1.000000,0.000000,0.000000,-0.233996,1.618793,0.000000
1.000000,0.000000,0.000000,1.055080,2.357204,0.000000
0.000000,0.000000,0.000000,-1.061432,3.283346,0.000000
1.000000,0.000000,0.000000,-0.544886,-1.259969,0.000000
0.000000,0.000000,0.000000,-0.719674,2.441749,0.000000
1.000000,1.000000,0.000000,1.567273,2.069372,0.000000
1.000000,1.000000,0.000000,2.072793,-0.298141,0.000000
0.000000,0.000000,0.000000,-0.185350,4.371151,1.000000
0.000000,0.000000,0.000000,-1.311189,4.294004,0.000000
1.000000,1.000000,1.000000,-1.699861,1.125838,0.000000
0.000000,1.000000,0.000000,-0.589994,2.879599,0.000000
0.000000,0.000000,0.000000,0.469124,2.619971,1.000000
0.000000,0.000000,0.000000,-1.620103,-2.714614,1.000000
0.000000,0.000000,0.000000,-0.901703,-0.290740,0.000000
0.000000,0.000000,0.000000,0.774683,2.136300,0.000000
0.000000,0.000000,0.000000,-0.984886,0.194531,0.000000
1.000000,0.000000,0.000000,-0.685078,-4.215245,1.000000
1.000000,0.000000,1.000000,-0.966039,2.438697,1.000000
0.000000,0.000000,0.000000,-0.295383,-0.544875,0.000000
0.000000,0.000000,0.000000,0.964083,1.371124,0.000000
1.000000,0.000000,0.000000,0.993927,1.387871,0.000000
1.000000,1.000000,0.000000,1.534170,-2.775615,1.000000
0.000000,0.000000,0.000000,0.358580,-0.492580,0.000000
0.000000,0.000000,0.000000,0.236861,2.341674,0.000000
0.000000,0.000000,0.000000,-0.838181,4.175192,0.000000
0.000000,0.000000,0.000000,1.580147,-0.875783,0.000000
0.000000,0.000000,0.000000,-2.166324,4.092840,0.000000
0.000000,0.000000,0.000000,1.269696,3.782938,1.000000
1.000000,0.000000,0.000000,0.533959,-2.941644,1.000000
1.000000,0.000000,0.000000,1.361491,0.635389,1.000000
0.000000,1.000000,0.000000,0.601806,2.283538,0.000000
0.000000,0.000000,1.000000,-2.226539,1.081856,0.000000
1.000000,0.000000,0.000000,1.649086,-1.142442,1.000000
0.000000,0.000000,0.000000,0.512049,4.495263,0.000000
0.000000,0.000000,0.000000,-0.782307,-2.171830,0.000000
0.000000,0.000000,1.000000,-2.451710,1.381962,0.000000
1.000000,1.000000,0.000000,0.690321,0.648954,0.000000
1.000000,0.000000,0.000000,0.850217,-0.994324,1.000000
0.000000,0.000000,1.000000,-2.662996,1.207958,0.000000
0.000000,0.000000,1.000000,-0.173140,5.158139,0.000000
0.000000,0.000000,0.000000,2.043019,4.076541,1.000000
1.000000,0.000000,0.000000,0.357570,2.994670,0.000000
1.000000,0.000000,1.000000,-0.164738,-1.252476,0.000000
0.000000,0.000000,0.000000,0.982394,1.997395,0.000000
1.000000,0.000000,0.000000,0.321668,-1.068489,1.000000
0.000000,0.000000,1.000000,-0.486208,3.348136,1.000000
0.000000,0.000000,0.000000,-1.150398,3.356572,0.000000
0.000000,0.000000,0.000000,-0.071280,2.237061,0.000000
1.000000,1.000000,0.000000,-0.735300,2.306743,0.000000
0.000000,0.000000,0.000000,-0.510862,4.971534,0.000000
0.000000,0.000000,1.000000,0.758617,5.720696,0.000000
0.000000,0.000000,1.000000,0.367312,0.911463,1.000000
1.000000,1.000000,1.000000,0.956613,2.222004,0.000000
1.000000,1.000000,1.000000,0.109172,0.500474,1.000000
0.000000,0.000000,0.000000,-1.518608,3.059335,0.000000
0.000000,0.000000,1.000000,-0.583889,-0.398084,0.000000
1.000000,0.000000,0.000000,0.622187,-0.557153,1.000000
0.000000,0.000000,0.000000,-0.828226,-1.704307,0.000000
0.000000,1.000000,1.000000,-0.534008,1.190184,0.000000
1.000000,0.000000,0.000000,0.694330,1.737684,0.000000
0.000000,0.000000,0.000000,0.095370,-2.327867,1.000000
1.000000,0.000000,0.000000,2.104333,-0.781421,0.000000
1.000000,1.000000,0.000000,1.626847,0.856392,0.000000
1.000000,0.000000,0.000000,2.909959,0.842810,0.000000
1.000000,0.000000,0.000000,1.782631,0.759765,1.000000
0.000000,0.000000,0.000000,0.076231,-2.136154,1.000000
1.000000,1.000000,0.000000,1.798996,0.644752,0.000000
0.000000,0.000000,1.000000,-0.137359,-0.548103,0.000000
1.000000,0.000000,0.000000,-0.390221,-4.546164,1.000000
0.000000,0.000000,1.000000,-4.284266,3.083301,0.000000
1.000000,0.000000,0.000000,-1.269617,-2.693844,1.000000
0.000000,1.000000,0.000000,1.190455,7.129802,0.000000
1.000000,1.000000,1.000000,-1.421754,1.984577,0.000000
0.000000,0.000000,0.000000,1.175821,1.988445,0.000000
1.000000,1.000000,0.000000,1.578324,-1.863040,1.000000
1.000000,0.000000,0.000000,-0.240535,1.878649,0.000000
1.000000,0.000000,1.000000,-0.968375,1.538255,0.000000
0.000000,0.000000,1.000000,-1.119082,-1.445977,0.000000
0.000000,0.000000,0.000000,-0.980480,0.712693,0.000000
1.000000,1.000000,1.000000,0.405761,2.869624,0.000000
0.000000,0.000000,0.000000,0.146698,4.252908,0.000000
1.000000,0.000000,0.000000,1.052379,0.406038,1.000000
0.000000,0.000000,1.000000,-0.779493,3.600354,0.000000
0.000000,0.000000,0.000000,0.601690,0.986006,0.000000
1.000000,1.000000,1.000000,0.339039,3.498145,0.000000
0.000000,0.000000,0.000000,0.922942,2.425624,0.000000
1.000000,0.000000,0.000000,-0.608297,-1.266041,0.000000
0.000000,0.000000,0.000000,-0.758843,2.455301,1.000000
0.000000,0.000000,0.000000,0.480273,2.861328,0.000000
0.000000,0.000000,1.000000,-1.358355,3.846328,0.000000
0.000000,0.000000,0.000000,-0.215872,0.749158,0.000000
0.000000,0.000000,1.000000,-3.302779,1.580790,0.000000
0.000000,0.000000,0.000000,-1.905835,-2.837589,1.000000
0.000000,0.000000,0.000000,-0.344022,-0.201300,1.000000
0.000000,0.000000,0.000000,0.855578,1.444038,0.000000
1.000000,0.000000,0.000000,-1.036593,-0.737915,0.000000
0.000000,1.000000,0.000000,1.698048,1.436391,1.000000
0.000000,0.000000,0.000000,-0.786253,2.707729,0.000000
1.000000,0.000000,0.000000,1.095021,-2.512603,0.000000
1.000000,1.000000,0.000000,1.439438,1.326388,0.000000
0.000000,0.000000,0.000000,-1.792423,-1.180175,1.000000
1.000000,1.000000,0.000000,0.521635,0.998025,0.000000
1.000000,0.000000,1.000000,-1.025161,0.931696,0.000000
0.000000,1.000000,0.000000,1.313275,0.326082,0.000000
1.000000,0.000000,1.000000,0.080691,0.674957,0.000000
0.000000,0.000000,0.000000,0.494104,1.051259,0.000000
0.000000,0.000000,0.000000,-0.477514,0.647787,0.000000
1.000000,1.000000,1.000000,-0.989330,4.046934,0.000000
0.000000,1.000000,1.000000,-0.286979,0.023007,0.000000
0.000000,0.000000,0.000000,-0.232586,2.776231,0.000000
1.000000,1.000000,0.000000,-0.202025,-0.087543,0.000000
1.000000,0.000000,1.000000,-0.795521,2.387864,0.000000
0.000000,0.000000,0.000000,0.822820,-0.467423,0.000000
0.000000,0.000000,1.000000,-0.360579,1.874982,1.000000
0.000000,0.000000,0.000000,-0.412407,1.481323,0.000000
0.000000,0.000000,0.000000,0.288217,0.856782,0.000000
0.000000,0.000000,0.000000,-0.040559,2.171572,0.000000
1.000000,0.000000,0.000000,0.285978,0.156611,1.000000
1.000000,0.000000,0.000000,0.841534,3.009305,0.000000
0.000000,0.000000,0.000000,-1.521213,2.552202,0.000000
0.000000,1.000000,1.000000,-1.271391,3.462474,0.000000
1.000000,1.000000,1.000000,-0.309348,2.877978,0.000000
0.000000,0.000000,0.000000,-0.096157,4.039492,0.000000
1.000000,1.000000,0.000000,0.408440,4.575990,0.000000
1.000000,1.000000,1.000000,1.245765,0.388554,1.000000
1.000000,1.000000,0.000000,0.726228,0.177752,0.000000
0.000000,0.000000,1.000000,-1.504212,3.085957,0.000000
0.000000,0.000000,0.000000,0.290985,0.505556,0.000000
1.000000,1.000000,0.000000,1.389766,2.687344,0.000000
1.000000,0.000000,0.000000,0.829883,-0.980101,1.000000
0.000000,0.000000,0.000000,0.501207,2.047674,0.000000
1.000000,0.000000,0.000000,0.348066,0.276754,1.000000
1.000000,0.000000,0.000000,-1.407498,-1.458310,1.000000
0.000000,0.000000,1.000000,-0.569644,3.152851,0.000000
1.000000,1.000000,0.000000,1.612726,2.326540,0.000000
0.000000,0.000000,0.000000,-1.152817,-1.674939,0.000000
0.000000,0.000000,1.000000,-1.664834,2.616740,0.000000
1.000000,1.000000,1.000000,0.335991,-0.556676,1.000000
1.000000,0.000000,0.000000,-0.508639,2.127428,0.000000
0.000000,0.000000,1.000000,-1.623492,-1.599027,0.000000
0.000000,0.000000,0.000000,0.581143,-3.633983,1.000000
1.000000,0.000000,0.000000,0.967008,0.423451,1.000000
1.000000,0.000000,1.000000,-0.046552,-3.049308,1.000000
0.000000,0.000000,0.000000,-0.317645,-0.895690,1.000000
1.000000,1.000000,1.000000,0.499115,2.293964,0.000000
1.000000,0.000000,0.000000,1.335086,-0.832949,1.000000
0.000000,0.000000,0.000000,-0.666526,0.724658,0.000000
1.000000,1.000000,1.000000,-1.114162,4.353933,0.000000
0.000000,0.000000,0.000000,1.004982,0.195733,1.000000
0.000000,0.000000,1.000000,-2.196819,4.299637,0.000000
1.000000,1.000000,0.000000,0.202294,1.394022,0.000000
0.000000,0.000000,0.000000,1.221104,0.900997,0.000000
0.000000,0.000000,0.000000,-1.127592,1.897655,0.000000
1.000000,0.000000,0.000000,1.196762,-0.177265,1.000000
0.000000,0.000000,0.000000,-0.549142,1.791549,1.000000
0.000000,0.000000,0.000000,-1.308648,0.282621,1.000000
1.000000,1.000000,0.000000,1.851370,0.843690,0.000000
0.000000,0.000000,1.000000,0.246567,1.290995,0.000000
0.000000,0.000000,0.000000,-1.253112,0.080250,0.000000
1.000000,0.000000,0.000000,2.408402,0.917899,1.000000
0.000000,0.000000,0.000000,-0.858569,-0.401946,1.000000
1.000000,0.000000,0.000000,0.558116,-0.540941,1.000000
0.000000,0.000000,1.000000,-1.494086,4.918814,0.000000
1.000000,1.000000,0.000000,2.714938,-0.964943,0.000000
0.000000,1.000000,1.000000,0.851211,2.038013,0.000000
1.000000,0.000000,0.000000,0.317645,-0.458102,1.000000
0.000000,0.000000,0.000000,0.543643,3.778658,0.000000
0.000000,0.000000,0.000000,1.256996,2.025412,1.000000
1.000000,0.000000,0.000000,-0.205137,0.432373,0.000000
0.000000,0.000000,0.000000,1.255546,3.552206,0.000000
1.000000,0.000000,0.000000,1.132069,-1.950644,1.000000
0.000000,0.000000,1.000000,-0.636776,1.581796,1.000000
0.000000,0.000000,1.000000,-1.931541,2.131883,0.000000
0.000000,0.000000,0.000000,0.719410,0.325701,0.000000
1.000000,0.000000,1.000000,-0.909696,0.983016,0.000000
0.000000,0.000000,0.000000,-0.130641,0.181849,0.000000
1.000000,1.000000,0.000000,1.056845,0.842389,1.000000
0.000000,0.000000,1.000000,-0.293187,-1.061243,0.000000
1.000000,1.000000,1.000000,0.398023,1.329282,0.000000
0.000000,0.000000,0.000000,0.038168,-1.838371,0.000000
1.000000,0.000000,1.000000,-1.974290,0.677304,0.000000
0.000000,0.000000,1.000000,-1.607151,-0.027898,0.000000
1.000000,0.000000,0.000000,0.581638,-2.119255,1.000000
0.000000,1.000000,0.000000,0.379850,1.168131,1.000000
0.000000,0.000000,0.000000,0.324799,1.380467,0.000000
