1.000000,1.000000,1.000000,0.111545,3.165985,0.000000
0.000000,0.000000,0.000000,-0.344720,1.554208,0.000000
0.000000,0.000000,1.000000,-1.372737,2.917036,0.000000
1.000000,0.000000,1.000000,-1.413804,-0.810124,0.000000
0.000000,0.000000,0.000000,0.626953,1.171455,0.000000
0.000000,0.000000,1.000000,-0.444782,0.166842,0.000000
0.000000,0.000000,0.000000,-2.483191,0.733809,0.000000
0.000000,0.000000,0.000000,0.018066,1.920051,0.000000
1.000000,0.000000,0.000000,0.354002,0.228738,1.000000
0.000000,0.000000,0.000000,-0.723647,0.817302,1.000000
1.000000,1.000000,1.000000,2.138764,0.271501,1.000000
1.000000,1.000000,1.000000,0.222665,1.358021,0.000000
1.000000,0.000000,1.000000,-1.287973,-0.185678,0.000000
0.000000,0.000000,1.000000,-1.782749,1.792389,0.000000
0.000000,0.000000,0.000000,-0.492238,2.141106,0.000000
0.000000,0.000000,0.000000,-1.629852,2.135900,0.000000
0.000000,0.000000,0.000000,-2.039538,-1.041031,0.000000
0.000000,0.000000,0.000000,0.278300,0.927771,1.000000
0.000000,1.000000,1.000000,0.009238,2.117238,0.000000
0.000000,0.000000,0.000000,-0.452718,1.261818,0.000000
1.000000,0.000000,1.000000,-1.397067,2.974702,0.000000
0.000000,0.000000,0.000000,-0.069496,2.826545,0.000000
1.000000,0.000000,1.000000,-2.693108,1.026643,0.000000
0.000000,0.000000,0.000000,0.078361,3.995540,0.000000
0.000000,0.000000,0.000000,0.470253,2.932328,0.000000
0.000000,0.000000,0.000000,-0.956096,2.378333,1.000000
0.000000,0.000000,0.000000,0.418389,-0.151261,1.000000
1.000000,0.000000,0.000000,-1.148272,2.500210,0.000000
0.000000,0.000000,0.000000,-1.704878,-3.664648,0.000000
1.000000,1.000000,1.000000,-0.101623,2.193090,0.000000
0.000000,0.000000,0.000000,-0.284140,-4.432824,1.000000
1.000000,0.000000,1.000000,-0.363964,0.024589,0.000000
0.000000,0.000000,0.000000,-0.260181,2.641530,0.000000
0.000000,0.000000,0.000000,0.660598,6.149069,0.000000
0.000000,1.000000,1.000000,0.142724,0.375695,0.000000
0.000000,0.000000,0.000000,-0.026906,-0.481647,0.000000
1.000000,0.000000,0.000000,2.788202,-1.311045,1.000000
1.000000,0.000000,0.000000,-0.969360,2.318781,0.000000
0.000000,0.000000,0.000000,-2.007226,3.438381,0.000000
0.000000,0.000000,0.000000,-1.050782,3.592092,0.000000
1.000000,0.000000,0.000000,0.646162,-4.454100,1.000000
0.000000,1.000000,1.000000,-0.887375,-0.820300,0.000000
0.000000,0.000000,0.000000,-0.967032,3.802340,0.000000
0.000000,0.000000,0.000000,0.757841,0.235441,0.000000
0.000000,0.000000,0.000000,-1.214328,0.885736,0.000000
0.000000,0.000000,0.000000,-0.981351,1.520638,0.000000
0.000000,0.000000,0.000000,-1.695909,-1.449251,0.000000
0.000000,0.000000,1.000000,0.167911,2.331260,1.000000
0.000000,0.000000,1.000000,-0.918565,2.191156,0.000000
1.000000,0.000000,0.000000,-0.346389,-2.014969,1.000000
0.000000,0.000000,0.000000,-0.907446,1.236549,0.000000
1.000000,0.000000,1.000000,-1.078477,-0.165103,1.000000
0.000000,0.000000,0.000000,-0.425404,2.489254,0.000000
0.000000,0.000000,1.000000,-1.313198,0.589828,0.000000
1.000000,0.000000,0.000000,2.070880,1.878600,0.000000
0.000000,0.000000,0.000000,-0.197365,-1.382685,1.000000
1.000000,0.000000,1.000000,-0.412369,-2.456862,0.000000
0.000000,0.000000,0.000000,-1.088000,3.437426,0.000000
0.000000,0.000000,1.000000,-0.803980,0.578618,0.000000
1.000000,1.000000,0.000000,1.652617,0.923486,1.000000
1.000000,1.000000,1.000000,1.467475,2.942896,0.000000
1.000000,1.000000,0.000000,1.541633,2.637680,0.000000
1.000000,0.000000,0.000000,1.198715,-1.258340,1.000000
0.000000,0.000000,0.000000,1.310872,3.194696,0.000000
0.000000,0.000000,1.000000,-0.578262,1.459030,0.000000
1.000000,0.000000,0.000000,1.011102,-0.676252,0.000000
0.000000,0.000000,1.000000,-1.701743,4.122930,0.000000
0.000000,0.000000,0.000000,-0.067888,1.460106,1.000000
0.000000,0.000000,1.000000,-0.757519,1.407588,0.000000
1.000000,1.000000,1.000000,-0.429013,-1.085552,0.000000
1.000000,0.000000,1.000000,0.233637,1.353124,0.000000
0.000000,0.000000,0.000000,-0.313120,0.659240,0.000000
0.000000,0.000000,1.000000,-1.795890,-1.176813,0.000000
0.000000,0.000000,0.000000,-0.496111,2.930867,0.000000
0.000000,0.000000,0.000000,0.773161,2.489032,0.000000
0.000000,0.000000,1.000000,-0.482974,3.055750,0.000000
1.000000,1.000000,1.000000,-0.118156,4.077521,0.000000
0.000000,0.000000,0.000000,0.839904,0.465179,1.000000
0.000000,0.000000,0.000000,-0.455604,-0.771798,0.000000
1.000000,0.000000,0.000000,-0.600442,2.027788,0.000000
0.000000,0.000000,0.000000,-0.776308,1.942169,0.000000
0.000000,0.000000,1.000000,-0.702861,3.233764,0.000000
0.000000,0.000000,1.000000,-1.062136,3.113901,0.000000
1.000000,1.000000,0.000000,-0.443679,0.814690,0.000000
0.000000,0.000000,0.000000,-0.068164,-0.024902,0.000000
0.000000,0.000000,0.000000,-0.330070,3.311022,0.000000
0.000000,0.000000,1.000000,-0.147326,2.488055,0.000000
0.000000,0.000000,0.000000,0.865405,1.542372,0.000000
1.000000,0.000000,0.000000,0.532630,-1.517920,1.000000
0.000000,0.000000,0.000000,-0.658378,3.560359,0.000000
0.000000,0.000000,0.000000,0.746834,-1.167787,1.000000
0.000000,0.000000,0.000000,-0.761336,2.481641,0.000000
1.000000,0.000000,1.000000,-2.425617,-4.484888,1.000000
0.000000,0.000000,1.000000,-1.714971,1.472249,0.000000
1.000000,0.000000,0.000000,-0.865213,-1.324113,1.000000
1.000000,0.000000,0.000000,-0.561674,-0.906492,1.000000
1.000000,1.000000,0.000000,2.258349,-0.553645,0.000000
0.000000,0.000000,1.000000,-1.261839,2.571028,0.000000
0.000000,0.000000,0.000000,0.964125,0.196002,0.000000
0.000000,0.000000,0.000000,-0.266254,1.682458,0.000000
1.000000,0.000000,0.000000,0.648913,-3.370344,1.000000
0.000000,0.000000,0.000000,1.315474,1.887803,0.000000
0.000000,0.000000,0.000000,0.088951,3.688813,0.000000
0.000000,0.000000,1.000000,-1.116681,4.010663,0.000000
1.000000,0.000000,0.000000,0.732543,2.100958,0.000000
0.000000,0.000000,0.000000,-0.653418,1.685167,0.000000
0.000000,1.000000,0.000000,2.302523,2.484188,1.000000
0.000000,0.000000,0.000000,-1.345072,4.788117,0.000000
1.000000,0.000000,0.000000,1.050920,2.158031,0.000000
1.000000,1.000000,0.000000,1.509645,1.835079,1.000000
1.000000,0.000000,0.000000,0.637134,-1.739559,0.000000
1.000000,0.000000,0.000000,0.453392,-1.185744,0.000000
0.000000,0.000000,0.000000,1.193115,-0.225852,0.000000
1.000000,0.000000,0.000000,-0.201967,-3.207715,1.000000
0.000000,0.000000,0.000000,0.019595,3.754511,0.000000
1.000000,0.000000,0.000000,0.938361,-0.766602,1.000000
0.000000,0.000000,1.000000,-1.154090,4.091583,0.000000
0.000000,0.000000,0.000000,1.799668,1.223902,0.000000
0.000000,0.000000,0.000000,1.069276,1.028985,1.000000
0.000000,0.000000,0.000000,-1.376268,0.919722,0.000000
0.000000,1.000000,1.000000,-1.265943,3.815170,0.000000
0.000000,0.000000,0.000000,-1.308988,1.386819,0.000000
0.000000,0.000000,0.000000,-0.167335,-0.983392,1.000000
0.000000,0.000000,0.000000,-1.064388,-0.003521,0.000000
1.000000,1.000000,1.000000,0.713333,3.537068,0.000000
1.000000,0.000000,0.000000,-0.646919,3.093862,0.000000
1.000000,0.000000,0.000000,-0.734082,1.292518,0.000000
0.000000,1.000000,0.000000,0.311480,3.710820,0.000000
0.000000,0.000000,0.000000,-1.486557,-1.122904,0.000000
1.000000,1.000000,1.000000,-1.060875,-0.189077,0.000000
1.000000,0.000000,1.000000,-1.461365,0.860398,0.000000
1.000000,0.000000,0.000000,0.452141,0.661121,0.000000
0.000000,0.000000,0.000000,0.906457,0.134717,0.000000
1.000000,0.000000,0.000000,0.019678,6.071500,0.000000
0.000000,0.000000,0.000000,-0.921998,0.962230,0.000000
0.000000,0.000000,0.000000,-1.889378,-0.860976,0.000000
0.000000,0.000000,0.000000,-1.762989,-3.449490,1.000000
1.000000,0.000000,0.000000,0.693172,1.927509,0.000000
0.000000,1.000000,1.000000,-1.768503,1.157053,0.000000
0.000000,0.000000,1.000000,-0.600723,1.748457,0.000000
0.000000,0.000000,1.000000,-1.202200,0.798265,1.000000
0.000000,0.000000,0.000000,-2.335723,3.965944,0.000000
1.000000,0.000000,1.000000,-0.258771,-2.543235,0.000000
0.000000,0.000000,0.000000,-0.752422,-3.660915,1.000000
1.000000,0.000000,1.000000,-0.703251,1.673330,0.000000
1.000000,1.000000,0.000000,0.212767,0.761468,1.000000
1.000000,0.000000,0.000000,1.975767,-3.670997,1.000000
0.000000,0.000000,0.000000,0.531568,1.331648,0.000000
0.000000,0.000000,0.000000,-0.339683,2.230459,0.000000
1.000000,0.000000,1.000000,-0.772437,1.150048,0.000000
0.000000,0.000000,0.000000,-0.477040,5.486824,0.000000
1.000000,0.000000,0.000000,0.970061,2.221426,1.000000
0.000000,0.000000,0.000000,0.830458,3.416078,0.000000
0.000000,0.000000,0.000000,-0.333172,5.265760,0.000000
0.000000,0.000000,0.000000,-0.006571,1.697334,0.000000
0.000000,0.000000,0.000000,0.185988,3.491645,0.000000
1.000000,1.000000,0.000000,1.463004,1.670215,0.000000
1.000000,0.000000,0.000000,-1.328017,-0.967544,1.000000
0.000000,0.000000,0.000000,0.527457,1.450684,1.000000
0.000000,0.000000,0.000000,0.337416,1.244700,0.000000
1.000000,0.000000,0.000000,1.177433,2.941518,0.000000
1.000000,0.000000,1.000000,-0.130886,0.772184,1.000000
1.000000,1.000000,1.000000,-0.072133,0.084178,0.000000
0.000000,0.000000,0.000000,-2.301561,4.557260,0.000000
1.000000,0.000000,0.000000,1.029594,0.553291,0.000000
0.000000,0.000000,0.000000,1.518367,3.143458,0.000000
0.000000,0.000000,0.000000,1.998786,1.972603,0.000000
1.000000,1.000000,1.000000,-0.636228,0.127402,0.000000
1.000000,0.000000,0.000000,1.552699,-3.750557,1.000000
1.000000,0.000000,0.000000,-0.432410,3.982374,0.000000
0.000000,0.000000,0.000000,0.759861,2.197033,0.000000
0.000000,0.000000,1.000000,-0.952233,0.312060,0.000000
0.000000,0.000000,1.000000,-1.221983,3.630620,0.000000
0.000000,0.000000,1.000000,-1.093130,2.313590,0.000000
0.000000,0.000000,0.000000,-1.438339,1.463295,0.000000
0.000000,0.000000,0.000000,0.240574,1.496980,0.000000
0.000000,0.000000,0.000000,-1.037282,2.592062,0.000000
1.000000,0.000000,0.000000,0.991036,0.944037,0.000000
0.000000,0.000000,0.000000,-0.276762,-2.659137,1.000000
1.000000,1.000000,1.000000,1.349398,0.831927,1.000000
0.000000,0.000000,0.000000,-0.856099,5.173248,0.000000
1.000000,0.000000,0.000000,0.360627,2.437141,1.000000
1.000000,0.000000,0.000000,1.930556,2.343287,0.000000
1.000000,0.000000,0.000000,0.733373,0.987259,0.000000
0.000000,0.000000,1.000000,-1.432918,-0.317839,1.000000
1.000000,1.000000,1.000000,0.584598,1.327412,0.000000
1.000000,0.000000,0.000000,-0.194741,0.763815,0.000000
0.000000,0.000000,0.000000,-0.008097,2.305271,1.000000
0.000000,0.000000,0.000000,-0.029360,1.712383,0.000000
0.000000,0.000000,1.000000,-0.873842,0.066061,0.000000
1.000000,1.000000,0.000000,2.890321,0.312600,1.000000
0.000000,0.000000,0.000000,0.359042,4.529665,0.000000
1.000000,0.000000,0.000000,1.050418,0.143700,0.000000
1.000000,0.000000,0.000000,0.402969,-2.864511,1.000000
0.000000,0.000000,0.000000,-0.757144,-1.598412,0.000000
1.000000,1.000000,1.000000,-0.249727,-0.054150,0.000000
1.000000,0.000000,0.000000,1.129107,2.634921,1.000000
1.000000,0.000000,0.000000,-0.102871,1.682540,0.000000
0.000000,0.000000,1.000000,-1.423481,0.340701,0.000000
1.000000,0.000000,0.000000,0.035590,0.867687,0.000000
0.000000,0.000000,0.000000,-0.644581,0.408052,0.000000
0.000000,0.000000,0.000000,0.718019,3.048498,0.000000
1.000000,0.000000,1.000000,-1.404519,-0.072416,0.000000
1.000000,1.000000,0.000000,0.438876,-1.484824,1.000000
0.000000,0.000000,0.000000,-3.107760,1.017390,0.000000
1.000000,0.000000,0.000000,0.100231,-0.270355,1.000000
1.000000,0.000000,1.000000,-0.037178,1.065432,0.000000
0.000000,0.000000,1.000000,-0.425800,1.642242,0.000000
0.000000,0.000000,0.000000,0.099332,-2.837785,0.000000
0.000000,0.000000,0.000000,-1.931524,2.684697,0.000000
0.000000,0.000000,0.000000,-0.156664,4.816963,0.000000
0.000000,0.000000,0.000000,0.809980,0.617422,1.000000
1.000000,0.000000,0.000000,0.350490,-2.627376,1.000000
0.000000,0.000000,0.000000,-0.415462,-0.474447,0.000000
1.000000,0.000000,0.000000,0.448101,1.877346,0.000000
0.000000,1.000000,0.000000,-0.538788,5.700826,0.000000
0.000000,0.000000,1.000000,-1.376604,-0.596035,1.000000
1.000000,1.000000,1.000000,-0.623847,4.365162,0.000000
1.000000,1.000000,0.000000,0.555119,1.899884,0.000000
0.000000,0.000000,0.000000,-1.032305,0.995781,0.000000
1.000000,1.000000,1.000000,1.043893,3.144635,0.000000
1.000000,0.000000,1.000000,0.188812,1.723903,0.000000
1.000000,0.000000,0.000000,0.691461,0.306833,0.000000
0.000000,0.000000,0.000000,0.453200,-0.923621,0.000000
1.000000,0.000000,0.000000,-0.012201,1.693897,1.000000
0.000000,1.000000,0.000000,0.268469,3.590815,0.000000
1.000000,0.000000,0.000000,0.270358,-1.712864,1.000000
0.000000,0.000000,1.000000,-1.636057,3.396376,0.000000
1.000000,0.000000,0.000000,1.146114,-0.114849,1.000000
0.000000,1.000000,0.000000,-1.006743,-0.958315,0.000000
0.000000,0.000000,0.000000,-2.039627,0.336850,1.000000
1.000000,1.000000,0.000000,1.468016,1.390738,1.000000
1.000000,0.000000,0.000000,0.219490,0.707853,0.000000
0.000000,0.000000,1.000000,-0.458109,2.538706,0.000000
0.000000,1.000000,1.000000,-0.212650,0.556716,0.000000
0.000000,0.000000,0.000000,-1.917172,3.487713,1.000000
0.000000,0.000000,0.000000,-1.036151,2.041217,0.000000
1.000000,0.000000,1.000000,0.161609,1.217062,0.000000
1.000000,0.000000,0.000000,1.134641,-1.030416,1.000000
0.000000,0.000000,0.000000,-0.540241,-0.046342,0.000000
1.000000,0.000000,0.000000,0.424818,0.342114,1.000000
0.000000,0.000000,0.000000,-0.182436,4.180677,0.000000
1.000000,0.000000,1.000000,0.215358,-2.435418,0.000000
1.000000,0.000000,1.000000,-1.828095,1.496883,0.000000
0.000000,1.000000,1.000000,-2.001799,-1.273378,0.000000
0.000000,0.000000,0.000000,-0.577678,3.063186,0.000000
0.000000,1.000000,1.000000,0.843610,0.000515,1.000000
1.000000,1.000000,1.000000,-0.059819,-0.502686,1.000000
0.000000,0.000000,1.000000,-0.834502,3.091397,0.000000
0.000000,0.000000,0.000000,-1.915828,-2.592542,0.000000
