0.000000,0.000000,0.000000,0.521374,0.405126,1.000000
1.000000,0.000000,0.000000,-0.618532,0.141592,0.000000
0.000000,0.000000,0.000000,0.406120,3.414210,0.000000
1.000000,0.000000,0.000000,1.116623,1.236611,0.000000
1.000000,1.000000,1.000000,0.725418,-0.078893,1.000000
0.000000,0.000000,1.000000,0.441550,-0.196739,0.000000
0.000000,0.000000,0.000000,-0.932311,3.041183,0.000000
1.000000,0.000000,0.000000,-0.290151,-3.369425,0.000000
0.000000,0.000000,1.000000,-0.400999,3.693130,0.000000
0.000000,1.000000,1.000000,-0.102507,1.741190,0.000000
1.000000,0.000000,0.000000,2.147115,-1.791089,1.000000
1.000000,0.000000,1.000000,-2.585165,3.743798,0.000000
1.000000,0.000000,0.000000,0.264632,-4.812803,1.000000
0.000000,0.000000,1.000000,-2.472592,2.154180,0.000000
0.000000,0.000000,0.000000,-0.091727,-0.342533,1.000000
0.000000,0.000000,0.000000,-2.306189,-1.291863,1.000000
0.000000,0.000000,0.000000,0.196366,0.978910,0.000000
0.000000,0.000000,0.000000,-0.624159,-0.017095,0.000000
0.000000,0.000000,0.000000,0.293524,-0.482760,1.000000
1.000000,0.000000,0.000000,1.386664,0.803844,1.000000
0.000000,0.000000,0.000000,0.102760,1.415834,0.000000
0.000000,0.000000,1.000000,-1.132999,0.905679,0.000000
0.000000,0.000000,1.000000,-0.385615,0.904897,0.000000
0.000000,1.000000,0.000000,0.582183,4.014415,0.000000
0.000000,0.000000,0.000000,-1.079860,-1.179843,0.000000
1.000000,1.000000,0.000000,0.764710,2.521286,0.000000
0.000000,0.000000,1.000000,-0.227807,1.653723,1.000000
0.000000,0.000000,1.000000,-1.179797,0.560673,0.000000
1.000000,0.000000,0.000000,-0.392348,0.533890,0.000000
1.000000,1.000000,1.000000,1.520007,1.859770,1.000000
1.000000,1.000000,1.000000,-1.199495,2.884378,0.000000
1.000000,0.000000,0.000000,0.463140,-0.016343,0.000000
0.000000,0.000000,0.000000,-0.541407,0.538572,0.000000
0.000000,0.000000,0.000000,-1.556319,1.641696,0.000000
0.000000,0.000000,1.000000,-0.646782,0.154893,0.000000
1.000000,0.000000,1.000000,-0.734594,-0.396802,1.000000
0.000000,0.000000,0.000000,0.552123,2.911924,0.000000
0.000000,0.000000,0.000000,1.141916,3.966600,0.000000
1.000000,0.000000,0.000000,1.133864,0.232847,0.000000
0.000000,1.000000,1.000000,-0.871447,-1.224605,0.000000
0.000000,0.000000,0.000000,0.296134,1.756076,0.000000
0.000000,0.000000,1.000000,-0.542910,3.213314,0.000000
1.000000,1.000000,1.000000,0.618274,2.034978,0.000000
1.000000,1.000000,1.000000,-0.046496,0.407866,0.000000
1.000000,0.000000,0.000000,-0.508793,-3.291416,1.000000
1.000000,1.000000,1.000000,0.089066,0.637497,1.000000
0.000000,0.000000,0.000000,-0.972782,1.817857,0.000000
0.000000,0.000000,0.000000,-0.800852,1.176060,0.000000
0.000000,0.000000,1.000000,-2.098278,0.610317,0.000000
0.000000,0.000000,1.000000,-1.065262,7.363610,0.000000
1.000000,0.000000,0.000000,-0.156907,1.513801,0.000000
0.000000,0.000000,0.000000,0.319475,1.659978,0.000000
1.000000,1.000000,1.000000,0.479316,4.552529,0.000000
0.000000,0.000000,0.000000,0.055239,4.535880,0.000000
0.000000,0.000000,0.000000,-0.359048,1.592219,0.000000
1.000000,0.000000,0.000000,0.514006,0.172678,1.000000
0.000000,0.000000,0.000000,0.107515,2.724519,0.000000
0.000000,0.000000,1.000000,-0.534018,4.741789,0.000000
0.000000,0.000000,0.000000,1.409346,3.171958,0.000000
0.000000,0.000000,0.000000,-1.454807,-1.297444,0.000000
1.000000,0.000000,0.000000,0.518982,0.127040,0.000000
0.000000,0.000000,0.000000,-2.184386,3.771530,1.000000
1.000000,1.000000,0.000000,2.662021,3.214165,0.000000
1.000000,0.000000,0.000000,-0.521103,-0.263003,0.000000
1.000000,1.000000,0.000000,1.798910,4.778512,0.000000
0.000000,0.000000,0.000000,-0.557909,2.159584,0.000000
1.000000,1.000000,0.000000,1.203233,-1.658096,0.000000
0.000000,0.000000,0.000000,0.335764,-1.551786,1.000000
0.000000,0.000000,1.000000,-0.518261,5.094401,0.000000
0.000000,1.000000,0.000000,0.334800,2.411605,0.000000
0.000000,0.000000,0.000000,0.653382,2.699550,0.000000
0.000000,0.000000,0.000000,-2.460646,1.703521,0.000000
0.000000,0.000000,0.000000,-0.241177,-2.415667,0.000000
0.000000,0.000000,1.000000,-0.738327,0.668825,0.000000
1.000000,0.000000,1.000000,-1.613736,0.257284,0.000000
1.000000,1.000000,1.000000,0.807045,-1.029365,1.000000
1.000000,0.000000,0.000000,0.852276,3.866074,1.000000
1.000000,0.000000,1.000000,-0.314010,-1.166669,0.000000
0.000000,0.000000,1.000000,-0.415281,3.089926,0.000000
0.000000,0.000000,1.000000,-1.154283,2.356901,0.000000
1.000000,0.000000,0.000000,-1.397477,-0.849843,1.000000
0.000000,0.000000,0.000000,-0.917023,2.088797,0.000000
0.000000,1.000000,1.000000,-0.618317,1.668419,0.000000
0.000000,0.000000,0.000000,0.199299,1.583131,0.000000
1.000000,1.000000,1.000000,0.163398,0.499025,0.000000
1.000000,1.000000,0.000000,-0.261323,-0.006090,0.000000
1.000000,0.000000,0.000000,0.108920,-2.440369,0.000000
0.000000,0.000000,0.000000,-0.216711,2.096627,0.000000
0.000000,1.000000,1.000000,-0.675015,2.864397,0.000000
1.000000,0.000000,0.000000,1.367144,1.400152,1.000000
0.000000,0.000000,1.000000,-1.362181,0.231491,0.000000
0.000000,0.000000,1.000000,-1.701246,-0.577311,0.000000
1.000000,0.000000,0.000000,0.385877,0.999555,0.000000
0.000000,0.000000,1.000000,-1.097770,4.622569,0.000000
1.000000,0.000000,0.000000,-0.412884,-0.811121,0.000000
1.000000,1.000000,0.000000,1.027077,0.280580,1.000000
1.000000,0.000000,0.000000,0.611170,-0.013205,1.000000
0.000000,0.000000,0.000000,-1.560637,4.332185,0.000000
1.000000,1.000000,1.000000,-0.553964,0.857356,0.000000
1.000000,0.000000,1.000000,-0.061288,-4.342679,1.000000
