0.000000,0.000000,0.000000,1.233222,0.927853,0.000000
1.000000,0.000000,1.000000,-0.075517,0.081528,0.000000
1.000000,0.000000,0.000000,0.451515,2.512183,1.000000
0.000000,0.000000,0.000000,-1.547940,-0.307716,1.000000
0.000000,0.000000,1.000000,-1.493589,1.279800,0.000000
1.000000,0.000000,0.000000,-0.296135,2.565194,0.000000
0.000000,0.000000,0.000000,-1.117638,3.552221,0.000000
0.000000,0.000000,1.000000,-0.046212,3.294032,0.000000
0.000000,0.000000,0.000000,0.518797,0.428428,0.000000
0.000000,0.000000,0.000000,-0.954525,1.642749,0.000000
1.000000,0.000000,0.000000,-0.001092,2.409894,0.000000
1.000000,0.000000,0.000000,0.807891,0.885315,0.000000
1.000000,0.000000,1.000000,0.296791,3.011095,0.000000
0.000000,0.000000,0.000000,-1.512374,0.415474,0.000000
0.000000,1.000000,0.000000,-0.610080,3.575166,0.000000
1.000000,0.000000,0.000000,-1.770886,-1.097333,0.000000
1.000000,1.000000,1.000000,1.875972,2.169892,0.000000
1.000000,1.000000,1.000000,1.023478,-0.416116,0.000000
1.000000,0.000000,0.000000,0.599312,1.386536,0.000000
1.000000,0.000000,0.000000,0.327302,-2.620335,1.000000
0.000000,0.000000,0.000000,-0.622526,-0.917481,1.000000
0.000000,0.000000,0.000000,0.288289,1.297819,0.000000
0.000000,0.000000,0.000000,-2.667316,2.112821,0.000000
0.000000,0.000000,1.000000,-1.491659,5.771216,0.000000
0.000000,0.000000,0.000000,1.075474,0.264659,1.000000
1.000000,0.000000,1.000000,-0.962509,-0.409845,1.000000
0.000000,0.000000,1.000000,-1.595525,6.227085,0.000000
1.000000,1.000000,1.000000,0.370255,-0.067780,1.000000
0.000000,0.000000,0.000000,0.360838,2.751110,1.000000
0.000000,0.000000,0.000000,0.630894,-0.238602,0.000000
0.000000,0.000000,0.000000,-0.358659,3.408174,0.000000
0.000000,0.000000,0.000000,-0.265568,0.678569,0.000000
0.000000,0.000000,1.000000,-1.621266,1.335138,1.000000
1.000000,1.000000,0.000000,1.574123,0.942480,0.000000
1.000000,1.000000,0.000000,0.520319,0.441865,0.000000
1.000000,1.000000,1.000000,1.307929,-0.590351,1.000000
1.000000,1.000000,0.000000,0.272720,0.469712,1.000000
0.000000,0.000000,1.000000,1.440013,-0.741635,1.000000
0.000000,0.000000,0.000000,1.724579,1.886952,1.000000
0.000000,0.000000,1.000000,-0.722224,2.067293,0.000000
0.000000,0.000000,1.000000,-1.631220,-0.411067,0.000000
1.000000,0.000000,0.000000,-0.666158,-2.304525,1.000000
0.000000,0.000000,0.000000,-0.924169,3.519951,0.000000
1.000000,1.000000,0.000000,2.640059,-5.667832,1.000000
0.000000,0.000000,1.000000,-2.026983,3.141428,0.000000
1.000000,0.000000,1.000000,0.537588,1.686992,0.000000
1.000000,0.000000,0.000000,0.586867,3.869904,0.000000
0.000000,0.000000,1.000000,-0.280079,1.038339,1.000000
0.000000,0.000000,0.000000,-1.686386,-0.175907,1.000000
1.000000,0.000000,1.000000,-1.701115,1.826826,0.000000
0.000000,0.000000,1.000000,-1.868990,0.766919,0.000000
0.000000,0.000000,1.000000,-1.444647,-1.778344,0.000000
1.000000,0.000000,0.000000,0.235719,1.352881,0.000000
0.000000,0.000000,0.000000,0.880914,4.423893,0.000000
0.000000,0.000000,0.000000,0.156660,3.955843,0.000000
1.000000,1.000000,1.000000,-0.213731,1.068111,0.000000
0.000000,0.000000,1.000000,-1.348890,0.509327,1.000000
0.000000,0.000000,0.000000,1.433324,2.656904,0.000000
1.000000,0.000000,0.000000,-0.707746,0.229495,1.000000
0.000000,1.000000,1.000000,-1.596628,2.892923,0.000000
0.000000,0.000000,1.000000,-0.509257,3.034863,0.000000
0.000000,0.000000,1.000000,-1.922801,0.822362,0.000000
0.000000,0.000000,0.000000,-2.135524,0.310854,0.000000
0.000000,1.000000,1.000000,-0.938345,3.503783,0.000000
0.000000,1.000000,0.000000,-1.901474,1.728106,0.000000
0.000000,0.000000,1.000000,-0.731490,-1.125673,1.000000
1.000000,0.000000,0.000000,0.461821,0.666311,1.000000
0.000000,0.000000,0.000000,0.448631,-3.504670,1.000000
0.000000,0.000000,0.000000,-1.351601,2.112396,0.000000
1.000000,0.000000,0.000000,-0.073144,0.950401,0.000000
0.000000,0.000000,0.000000,0.109918,2.073685,0.000000
1.000000,1.000000,0.000000,3.147587,-1.325704,1.000000
1.000000,0.000000,0.000000,-0.254203,0.079787,0.000000
0.000000,0.000000,0.000000,-1.338118,1.380191,0.000000
1.000000,1.000000,0.000000,1.136973,1.088969,0.000000
1.000000,1.000000,0.000000,1.068794,1.220232,1.000000
1.000000,1.000000,1.000000,1.630569,-0.373319,0.000000
1.000000,0.000000,1.000000,-0.424104,1.072388,1.000000
0.000000,0.000000,0.000000,-0.647573,2.025873,0.000000
0.000000,0.000000,0.000000,-0.060699,-1.427176,0.000000
1.000000,0.000000,0.000000,2.616417,1.369038,0.000000
0.000000,0.000000,0.000000,-0.826274,1.008041,0.000000
1.000000,0.000000,1.000000,-0.017871,-0.540140,1.000000
0.000000,0.000000,0.000000,-1.810527,3.722389,0.000000
0.000000,0.000000,1.000000,-1.621348,2.370097,1.000000
0.000000,1.000000,1.000000,-1.282432,5.054721,0.000000
0.000000,0.000000,0.000000,-0.908715,0.885632,0.000000
1.000000,1.000000,1.000000,-1.179291,1.064246,0.000000
1.000000,0.000000,0.000000,1.120166,1.072326,1.000000
1.000000,0.000000,0.000000,0.340002,1.959307,0.000000
0.000000,1.000000,1.000000,-3.361202,2.953655,0.000000
0.000000,0.000000,0.000000,-1.932549,1.302430,0.000000
0.000000,0.000000,0.000000,-0.299746,-0.559689,0.000000
0.000000,0.000000,0.000000,0.713105,1.797495,0.000000
0.000000,0.000000,1.000000,-0.079942,0.625615,0.000000
0.000000,0.000000,0.000000,-1.094942,1.259547,1.000000
1.000000,0.000000,0.000000,0.423046,2.169694,1.000000
1.000000,1.000000,0.000000,0.107578,-1.263490,0.000000
1.000000,0.000000,0.000000,-0.240449,-0.949487,1.000000
0.000000,0.000000,1.000000,-1.739183,4.389092,0.000000
1.000000,0.000000,0.000000,-0.913091,-0.845490,0.000000
0.000000,0.000000,0.000000,0.019297,1.702819,0.000000
0.000000,0.000000,0.000000,-0.149184,-0.795766,0.000000
0.000000,1.000000,1.000000,-1.110337,3.113566,0.000000
0.000000,0.000000,0.000000,-0.409168,1.663163,0.000000
0.000000,0.000000,1.000000,-0.863134,0.914946,0.000000
1.000000,0.000000,1.000000,-0.087548,0.512401,1.000000
1.000000,1.000000,1.000000,-0.607720,3.173906,1.000000
1.000000,1.000000,0.000000,0.857517,-1.273357,1.000000
0.000000,0.000000,1.000000,-1.027019,3.808985,0.000000
1.000000,0.000000,0.000000,0.830336,-2.798427,1.000000
0.000000,0.000000,0.000000,0.290934,1.694322,0.000000
0.000000,0.000000,1.000000,-0.524135,0.666005,1.000000
0.000000,0.000000,0.000000,0.363327,1.917710,0.000000
0.000000,1.000000,0.000000,0.559121,4.907625,0.000000
1.000000,0.000000,0.000000,1.482225,3.757334,1.000000
0.000000,0.000000,0.000000,-0.470182,-0.128967,1.000000
0.000000,0.000000,0.000000,0.178826,-0.449396,0.000000
0.000000,0.000000,0.000000,-0.380745,-0.112217,0.000000
1.000000,0.000000,0.000000,2.497562,0.954923,1.000000
0.000000,1.000000,1.000000,-1.290488,-0.623674,0.000000
0.000000,0.000000,0.000000,-0.524764,1.838422,0.000000
0.000000,0.000000,0.000000,0.140568,-1.915743,1.000000
1.000000,0.000000,1.000000,-0.553579,1.156659,0.000000
0.000000,0.000000,1.000000,-0.591395,1.534995,0.000000
0.000000,1.000000,1.000000,-1.316344,3.324131,0.000000
0.000000,0.000000,0.000000,-2.076617,4.900180,0.000000
0.000000,0.000000,0.000000,-0.013947,3.457716,0.000000
1.000000,1.000000,1.000000,0.102912,3.217520,0.000000
0.000000,0.000000,0.000000,-0.643094,0.950050,0.000000
0.000000,0.000000,0.000000,0.549132,3.391362,0.000000
1.000000,0.000000,0.000000,-0.875942,-2.777191,1.000000
0.000000,0.000000,0.000000,-0.432375,1.013502,0.000000
1.000000,0.000000,0.000000,1.669925,-0.857877,1.000000
0.000000,0.000000,1.000000,-2.632343,1.410142,0.000000
1.000000,0.000000,0.000000,1.665908,0.473285,1.000000
0.000000,0.000000,0.000000,0.166669,1.745928,1.000000
0.000000,0.000000,0.000000,0.694993,5.620847,0.000000
1.000000,0.000000,0.000000,1.407170,1.640770,1.000000
0.000000,0.000000,1.000000,-1.770617,2.167811,1.000000
1.000000,0.000000,0.000000,2.394069,2.061747,1.000000
0.000000,0.000000,0.000000,-1.665034,2.473814,0.000000
0.000000,0.000000,1.000000,-1.789693,2.570163,0.000000
1.000000,1.000000,0.000000,2.913945,1.694270,1.000000
0.000000,0.000000,0.000000,1.462776,1.580660,1.000000
1.000000,1.000000,0.000000,1.720569,1.436507,0.000000
0.000000,0.000000,0.000000,-1.115076,4.544173,0.000000
1.000000,1.000000,0.000000,3.260138,1.619631,0.000000
0.000000,0.000000,0.000000,-1.687521,2.755806,0.000000
0.000000,0.000000,0.000000,-0.284339,0.982135,1.000000
1.000000,0.000000,0.000000,0.219518,0.993672,0.000000
0.000000,0.000000,1.000000,-0.782725,3.077328,0.000000
1.000000,0.000000,0.000000,0.306841,-1.024647,0.000000
1.000000,1.000000,0.000000,0.245654,1.986308,0.000000
0.000000,0.000000,1.000000,-1.901640,4.114321,0.000000
0.000000,1.000000,1.000000,0.515727,0.585715,0.000000
1.000000,1.000000,1.000000,-0.468062,0.846034,0.000000
0.000000,1.000000,1.000000,-2.830062,1.938018,0.000000
0.000000,0.000000,0.000000,-1.342350,0.061609,1.000000
0.000000,0.000000,1.000000,-2.411466,-0.075753,0.000000
1.000000,0.000000,0.000000,0.427899,1.488645,1.000000
1.000000,0.000000,0.000000,0.560510,-2.266205,1.000000
0.000000,0.000000,1.000000,-2.702454,2.006632,0.000000
0.000000,0.000000,1.000000,-2.305567,2.934760,0.000000
0.000000,0.000000,0.000000,-0.617279,2.621022,0.000000
1.000000,0.000000,1.000000,-2.084249,0.057079,0.000000
0.000000,0.000000,0.000000,-0.870972,-0.554885,0.000000
0.000000,0.000000,0.000000,-0.662020,-1.340272,0.000000
0.000000,0.000000,0.000000,0.774157,-0.539785,0.000000
1.000000,0.000000,1.000000,-1.978190,1.471059,0.000000
0.000000,0.000000,0.000000,-0.352564,2.481186,0.000000
1.000000,0.000000,1.000000,1.374348,1.134821,0.000000
1.000000,0.000000,0.000000,1.469702,1.671249,0.000000
0.000000,0.000000,0.000000,-1.374986,0.516811,0.000000
1.000000,0.000000,0.000000,0.393662,-2.254528,1.000000
0.000000,0.000000,0.000000,-1.351050,2.748256,0.000000
1.000000,0.000000,0.000000,0.454949,1.209520,1.000000
1.000000,0.000000,1.000000,-0.348591,4.034162,0.000000
1.000000,0.000000,0.000000,-0.453730,-0.965479,1.000000
1.000000,0.000000,0.000000,0.413470,2.456763,0.000000
1.000000,0.000000,0.000000,0.937703,-0.690435,1.000000
0.000000,0.000000,0.000000,-0.726878,3.342282,0.000000
0.000000,0.000000,0.000000,-2.014174,2.659250,0.000000
0.000000,0.000000,0.000000,0.385905,-0.308385,0.000000
0.000000,0.000000,1.000000,-0.469001,2.537807,0.000000
1.000000,1.000000,0.000000,2.758013,3.404594,1.000000
0.000000,0.000000,0.000000,-1.760308,0.818564,0.000000
0.000000,0.000000,0.000000,-0.023982,2.478304,1.000000
0.000000,0.000000,1.000000,-1.550565,0.813495,0.000000
0.000000,0.000000,0.000000,-1.894309,1.228707,0.000000
0.000000,0.000000,0.000000,-0.062372,2.415094,1.000000
0.000000,0.000000,0.000000,0.242940,0.974057,0.000000
0.000000,0.000000,0.000000,-1.116497,-1.569480,1.000000
0.000000,0.000000,0.000000,-2.208460,-1.535430,0.000000
0.000000,0.000000,0.000000,-0.214136,2.255203,0.000000
0.000000,0.000000,1.000000,-0.969309,1.640528,0.000000
0.000000,0.000000,0.000000,-0.189619,5.865671,0.000000
1.000000,0.000000,0.000000,0.074995,-2.216143,0.000000
0.000000,0.000000,1.000000,-0.983620,1.756654,0.000000
0.000000,0.000000,0.000000,-0.109135,3.590648,0.000000
0.000000,0.000000,0.000000,0.032941,1.266992,0.000000
1.000000,1.000000,1.000000,0.317638,-1.952198,1.000000
0.000000,0.000000,0.000000,-1.446826,2.204613,0.000000
0.000000,0.000000,0.000000,-0.189328,-0.317116,0.000000
1.000000,0.000000,0.000000,-0.555295,-0.755220,1.000000
0.000000,0.000000,0.000000,-0.594471,2.402814,0.000000
1.000000,1.000000,0.000000,1.281927,1.176153,1.000000
1.000000,0.000000,1.000000,1.048568,-0.553766,1.000000
0.000000,0.000000,0.000000,-0.025905,-0.859420,0.000000
0.000000,0.000000,0.000000,-0.674162,2.194884,0.000000
1.000000,0.000000,0.000000,-1.096844,0.110765,0.000000
1.000000,0.000000,0.000000,1.098359,-0.453553,0.000000
0.000000,0.000000,0.000000,-1.012207,5.123417,0.000000
1.000000,0.000000,0.000000,1.232795,1.740192,0.000000
0.000000,1.000000,0.000000,0.028518,4.658935,0.000000
0.000000,0.000000,0.000000,-0.492383,3.807106,0.000000
0.000000,0.000000,1.000000,-1.132101,3.234427,0.000000
0.000000,0.000000,0.000000,-1.105114,-0.271745,0.000000
1.000000,0.000000,1.000000,-0.415328,3.487366,0.000000
0.000000,0.000000,0.000000,-1.943093,3.407142,0.000000
0.000000,1.000000,0.000000,1.430876,-0.328537,0.000000
0.000000,0.000000,0.000000,0.123160,1.591688,0.000000
0.000000,0.000000,0.000000,0.612208,0.873595,1.000000
0.000000,0.000000,0.000000,-0.400723,0.464159,0.000000
0.000000,1.000000,1.000000,-0.913475,-1.004973,1.000000
1.000000,0.000000,1.000000,0.002417,-0.294374,1.000000
1.000000,0.000000,0.000000,0.358856,3.378464,0.000000
1.000000,0.000000,0.000000,1.757329,-0.006521,1.000000
1.000000,0.000000,0.000000,0.529299,2.373210,1.000000
0.000000,0.000000,1.000000,-1.194655,5.616681,0.000000
0.000000,0.000000,0.000000,0.254075,0.237342,1.000000
1.000000,1.000000,0.000000,0.915691,1.311123,1.000000
1.000000,0.000000,0.000000,1.261698,1.912448,0.000000
0.000000,0.000000,0.000000,-0.768656,-0.805962,1.000000
0.000000,0.000000,1.000000,-1.595001,1.189335,0.000000
0.000000,0.000000,1.000000,-1.607794,4.359963,0.000000
0.000000,0.000000,0.000000,-1.286965,0.185922,0.000000
0.000000,0.000000,1.000000,-1.947158,0.275398,0.000000
0.000000,0.000000,0.000000,1.184513,0.464667,1.000000
0.000000,0.000000,0.000000,1.289961,1.981233,0.000000
1.000000,0.000000,0.000000,0.334660,1.877541,0.000000
0.000000,0.000000,0.000000,0.157853,3.077370,0.000000
0.000000,0.000000,0.000000,-0.072163,-0.049925,0.000000
0.000000,0.000000,0.000000,-0.135308,0.518740,0.000000
0.000000,1.000000,1.000000,-0.354231,5.528585,0.000000
0.000000,0.000000,0.000000,0.635903,4.535738,0.000000
1.000000,0.000000,0.000000,0.075735,-1.124093,0.000000
1.000000,1.000000,0.000000,1.772014,-0.195079,1.000000
0.000000,0.000000,0.000000,-0.906122,-3.459921,1.000000
0.000000,0.000000,1.000000,-1.534879,1.505964,0.000000
