0.000000,0.000000,0.000000,-0.822385,-1.424793,0.000000
0.000000,0.000000,1.000000,-2.528828,4.676270,0.000000
0.000000,0.000000,0.000000,-1.252334,3.274475,0.000000
0.000000,0.000000,0.000000,-0.933730,3.854386,0.000000
0.000000,1.000000,0.000000,-1.305896,2.896619,0.000000
0.000000,0.000000,1.000000,-0.353629,4.486838,0.000000
1.000000,0.000000,0.000000,1.079035,-0.065503,1.000000
0.000000,0.000000,0.000000,-1.607488,3.480259,0.000000
0.000000,0.000000,0.000000,-1.932202,2.486131,0.000000
0.000000,0.000000,0.000000,-1.065773,3.470990,0.000000
1.000000,0.000000,0.000000,0.461326,-2.365753,1.000000
1.000000,1.000000,0.000000,0.740698,0.431798,1.000000
1.000000,0.000000,0.000000,-0.162601,0.738768,0.000000
1.000000,0.000000,1.000000,-1.109284,-2.595409,1.000000
0.000000,1.000000,1.000000,0.447976,3.530658,0.000000
0.000000,0.000000,0.000000,0.919270,1.499964,0.000000
0.000000,0.000000,0.000000,0.773248,1.613644,1.000000
1.000000,0.000000,1.000000,-1.631425,-2.061106,1.000000
1.000000,1.000000,1.000000,0.507499,-2.001582,1.000000
1.000000,0.000000,0.000000,-1.164688,-1.033476,1.000000
0.000000,0.000000,0.000000,-1.661455,-0.848727,0.000000
1.000000,0.000000,0.000000,1.009200,-4.381368,1.000000
0.000000,0.000000,0.000000,-0.220763,0.382200,0.000000
0.000000,1.000000,0.000000,1.012017,1.750072,1.000000
0.000000,0.000000,1.000000,-0.314376,4.552361,0.000000
1.000000,0.000000,0.000000,-0.308383,-2.723642,1.000000
0.000000,0.000000,0.000000,-0.392402,1.906306,0.000000
1.000000,1.000000,0.000000,-0.104253,1.668764,0.000000
1.000000,1.000000,0.000000,0.392220,-1.890190,0.000000
0.000000,0.000000,1.000000,-1.888119,3.067071,0.000000
0.000000,0.000000,1.000000,-0.346111,3.660906,0.000000
1.000000,0.000000,0.000000,-0.763522,-1.323680,1.000000
1.000000,0.000000,0.000000,1.028778,0.622947,1.000000
1.000000,0.000000,1.000000,-0.765970,0.232262,1.000000
1.000000,0.000000,1.000000,-0.948523,-1.997287,1.000000
1.000000,0.000000,0.000000,0.420166,-1.396554,1.000000
1.000000,0.000000,0.000000,1.774103,-0.235355,1.000000
0.000000,0.000000,0.000000,0.385891,-1.765696,1.000000
1.000000,0.000000,1.000000,-0.129712,2.444103,0.000000
0.000000,0.000000,0.000000,-2.394698,2.229004,0.000000
0.000000,0.000000,0.000000,0.612277,3.886920,0.000000
0.000000,0.000000,0.000000,0.019214,1.272106,0.000000
0.000000,0.000000,0.000000,-0.657873,0.358170,0.000000
0.000000,0.000000,1.000000,-1.071173,0.390680,0.000000
1.000000,0.000000,0.000000,-0.201825,-3.594088,1.000000
1.000000,1.000000,1.000000,1.568777,1.387602,1.000000
1.000000,1.000000,1.000000,-0.381543,-0.154254,1.000000
1.000000,0.000000,0.000000,0.585886,3.038062,0.000000
1.000000,0.000000,0.000000,1.774614,-0.089735,0.000000
0.000000,0.000000,0.000000,0.529767,0.358993,0.000000
1.000000,0.000000,1.000000,-0.642642,-1.812981,1.000000
0.000000,0.000000,0.000000,1.585080,1.579393,0.000000
0.000000,0.000000,0.000000,0.364941,3.097267,0.000000
0.000000,0.000000,0.000000,-0.367687,6.103380,0.000000
1.000000,1.000000,0.000000,0.452165,0.599850,0.000000
0.000000,1.000000,1.000000,-2.412222,1.236815,0.000000
0.000000,0.000000,0.000000,-0.970087,4.327041,0.000000
0.000000,0.000000,0.000000,0.294297,0.297567,0.000000
0.000000,0.000000,0.000000,-0.196027,5.446977,0.000000
1.000000,0.000000,0.000000,0.453026,0.769344,1.000000
1.000000,1.000000,0.000000,0.234030,1.145804,1.000000
0.000000,0.000000,0.000000,-0.831439,3.524770,0.000000
0.000000,0.000000,0.000000,-0.834437,1.289173,0.000000
0.000000,0.000000,0.000000,-0.342508,3.483137,0.000000
0.000000,0.000000,1.000000,-0.491666,4.153302,0.000000
0.000000,0.000000,1.000000,-0.341577,2.023418,0.000000
1.000000,0.000000,0.000000,0.669097,4.355493,1.000000
1.000000,0.000000,1.000000,0.051631,-1.667783,0.000000
1.000000,0.000000,0.000000,-0.722803,2.981357,0.000000
0.000000,0.000000,1.000000,-1.055465,2.563795,0.000000
0.000000,0.000000,0.000000,0.437919,2.442842,0.000000
0.000000,0.000000,1.000000,-1.186318,3.343772,0.000000
0.000000,0.000000,1.000000,-1.716037,2.745710,0.000000
0.000000,0.000000,1.000000,-1.536186,2.934434,0.000000
1.000000,0.000000,0.000000,2.534031,2.731051,0.000000
1.000000,0.000000,1.000000,-0.813825,2.982417,0.000000
0.000000,0.000000,1.000000,0.256572,1.071046,0.000000
0.000000,0.000000,0.000000,-0.994532,3.625313,0.000000
0.000000,1.000000,1.000000,-1.562624,0.035541,0.000000
1.000000,0.000000,0.000000,-1.423886,-1.370780,1.000000
0.000000,0.000000,0.000000,-1.002959,4.461005,0.000000
0.000000,0.000000,0.000000,0.044414,3.603708,1.000000
0.000000,1.000000,1.000000,0.283602,2.274168,0.000000
0.000000,0.000000,0.000000,-1.532244,2.248379,0.000000
1.000000,1.000000,1.000000,0.509082,1.901854,0.000000
0.000000,0.000000,0.000000,1.778607,2.872808,0.000000
0.000000,0.000000,0.000000,-1.314745,5.071872,0.000000
0.000000,0.000000,1.000000,-1.880094,3.601535,0.000000
1.000000,0.000000,1.000000,-2.235072,-1.990676,1.000000
0.000000,0.000000,0.000000,0.731670,0.171314,1.000000
1.000000,1.000000,1.000000,-0.884314,-0.327321,0.000000
0.000000,0.000000,1.000000,-3.029996,2.188904,0.000000
0.000000,0.000000,0.000000,0.280993,-2.383575,1.000000
1.000000,1.000000,1.000000,-0.045098,6.773145,0.000000
0.000000,0.000000,1.000000,-2.322190,1.619827,0.000000
1.000000,0.000000,0.000000,2.394163,1.567700,0.000000
0.000000,0.000000,1.000000,-2.432539,3.431084,0.000000
1.000000,1.000000,1.000000,0.344743,0.782496,0.000000
1.000000,0.000000,1.000000,-1.260148,-0.324267,0.000000
0.000000,0.000000,0.000000,-1.024118,-2.857236,1.000000
0.000000,0.000000,0.000000,1.069066,1.891328,0.000000
0.000000,0.000000,0.000000,-1.357616,4.112463,0.000000
1.000000,0.000000,0.000000,0.619524,-0.445073,1.000000
0.000000,0.000000,0.000000,0.822705,-0.924666,1.000000
1.000000,1.000000,1.000000,-0.026823,2.439756,0.000000
0.000000,0.000000,1.000000,-2.307390,0.807202,0.000000
0.000000,0.000000,0.000000,-1.481476,-0.075145,0.000000
0.000000,0.000000,1.000000,-2.040471,2.368907,0.000000
0.000000,0.000000,1.000000,-2.489198,0.480623,0.000000
0.000000,0.000000,1.000000,-0.777616,0.940627,1.000000
1.000000,1.000000,1.000000,0.565235,-1.879064,1.000000
1.000000,1.000000,0.000000,0.970897,1.188761,0.000000
1.000000,0.000000,0.000000,1.208310,0.627615,1.000000
1.000000,1.000000,1.000000,0.568709,4.311062,0.000000
0.000000,0.000000,0.000000,-0.105317,3.569014,0.000000
1.000000,0.000000,1.000000,0.339991,1.928487,1.000000
0.000000,0.000000,0.000000,-0.231250,2.615969,0.000000
0.000000,0.000000,0.000000,-1.195429,3.685132,0.000000
0.000000,0.000000,0.000000,-0.788918,5.163758,0.000000
0.000000,0.000000,1.000000,-1.704792,5.701247,0.000000
1.000000,0.000000,0.000000,2.055967,-2.386588,1.000000
1.000000,0.000000,0.000000,-0.785190,3.779050,0.000000
0.000000,0.000000,1.000000,0.029876,2.800083,0.000000
0.000000,0.000000,1.000000,-1.849906,1.440625,0.000000
0.000000,0.000000,0.000000,-0.366824,1.792833,0.000000
1.000000,1.000000,0.000000,2.952041,-3.049047,1.000000
1.000000,0.000000,0.000000,0.240881,0.592714,0.000000
0.000000,0.000000,1.000000,-1.988537,2.244684,0.000000
0.000000,0.000000,1.000000,-1.376116,2.444918,0.000000
1.000000,0.000000,0.000000,-0.670604,3.019937,0.000000
0.000000,0.000000,1.000000,-2.230172,3.966816,0.000000
0.000000,0.000000,1.000000,-1.524508,3.981947,0.000000
0.000000,0.000000,0.000000,-0.172887,2.087123,0.000000
1.000000,0.000000,0.000000,2.683533,2.259411,0.000000
1.000000,0.000000,0.000000,2.124817,2.180740,1.000000
0.000000,0.000000,1.000000,-1.288279,3.150636,1.000000
0.000000,0.000000,0.000000,-0.530319,4.195389,0.000000
0.000000,0.000000,1.000000,0.118512,4.802186,0.000000
0.000000,0.000000,0.000000,-0.326587,1.757084,0.000000
0.000000,0.000000,0.000000,-0.103635,0.268063,0.000000
0.000000,0.000000,0.000000,-0.908177,0.294249,0.000000
0.000000,1.000000,1.000000,0.624184,4.491486,0.000000
0.000000,0.000000,1.000000,0.305435,1.256314,1.000000
0.000000,1.000000,0.000000,1.015762,3.795555,0.000000
1.000000,0.000000,1.000000,0.687622,1.971576,1.000000
0.000000,0.000000,1.000000,-2.225712,2.443885,0.000000
1.000000,0.000000,0.000000,0.825030,-2.442698,1.000000
1.000000,0.000000,1.000000,-0.974557,1.651200,0.000000
0.000000,0.000000,0.000000,-2.674531,-0.318809,0.000000
0.000000,0.000000,1.000000,-1.923349,5.127374,0.000000
0.000000,1.000000,1.000000,-0.154674,2.135169,0.000000
1.000000,0.000000,0.000000,-0.467405,0.220540,1.000000
1.000000,0.000000,1.000000,-0.246328,-0.656713,0.000000
0.000000,0.000000,0.000000,-1.723090,4.389887,0.000000
1.000000,0.000000,0.000000,0.330736,0.024363,1.000000
0.000000,0.000000,0.000000,-1.063822,6.012765,0.000000
1.000000,0.000000,0.000000,0.148885,0.449339,1.000000
0.000000,0.000000,0.000000,-0.108548,3.455967,0.000000
0.000000,0.000000,1.000000,-0.728956,2.105119,0.000000
0.000000,0.000000,1.000000,-0.679592,-1.990305,0.000000
1.000000,0.000000,0.000000,1.279153,0.914378,1.000000
1.000000,0.000000,1.000000,0.154399,0.534587,1.000000
0.000000,0.000000,1.000000,-0.653748,-0.982498,0.000000
0.000000,1.000000,0.000000,1.363487,0.847612,0.000000
0.000000,0.000000,1.000000,-1.593321,6.140006,0.000000
0.000000,0.000000,0.000000,0.825478,2.637568,0.000000
0.000000,0.000000,0.000000,-0.333236,-2.287860,1.000000
1.000000,0.000000,0.000000,0.590799,-3.335188,1.000000
0.000000,1.000000,1.000000,-0.073863,2.406553,0.000000
1.000000,0.000000,0.000000,0.548276,-2.387142,1.000000
1.000000,0.000000,0.000000,1.449065,-2.657565,1.000000
0.000000,0.000000,1.000000,-0.576605,-2.683232,1.000000
0.000000,0.000000,0.000000,-1.222978,3.868216,0.000000
0.000000,0.000000,1.000000,-2.625685,3.232617,0.000000
1.000000,1.000000,0.000000,0.577454,2.904202,1.000000
0.000000,0.000000,0.000000,0.123143,1.189070,0.000000
0.000000,0.000000,0.000000,0.575554,0.534033,1.000000
0.000000,0.000000,0.000000,1.069382,0.463081,1.000000
0.000000,0.000000,0.000000,-1.254977,3.881192,0.000000
1.000000,0.000000,0.000000,0.719609,0.924834,0.000000
0.000000,0.000000,0.000000,-0.346414,0.822110,0.000000
1.000000,0.000000,0.000000,2.124062,-1.191527,0.000000
0.000000,0.000000,0.000000,-0.124727,2.996373,0.000000
0.000000,0.000000,0.000000,0.033137,2.730173,0.000000
0.000000,0.000000,0.000000,1.138498,0.765560,1.000000
0.000000,0.000000,1.000000,-1.778298,3.322989,0.000000
0.000000,1.000000,1.000000,-1.785029,0.511561,0.000000
1.000000,1.000000,1.000000,-1.372147,1.454443,0.000000
0.000000,0.000000,0.000000,-2.190913,2.141560,1.000000
1.000000,1.000000,1.000000,-1.141640,-1.608485,1.000000
0.000000,0.000000,0.000000,2.539077,0.120535,1.000000
1.000000,1.000000,1.000000,0.583457,0.652682,1.000000
1.000000,0.000000,1.000000,-0.457746,2.032920,0.000000
1.000000,0.000000,1.000000,-0.828801,1.494442,0.000000
1.000000,0.000000,0.000000,1.400212,1.226062,1.000000
0.000000,0.000000,0.000000,-0.146816,2.589661,0.000000
0.000000,0.000000,0.000000,-0.907655,2.269551,0.000000
0.000000,0.000000,1.000000,-2.128559,0.247469,0.000000
0.000000,0.000000,0.000000,-0.637232,2.166230,0.000000
0.000000,0.000000,1.000000,-2.366847,1.621433,0.000000
0.000000,0.000000,0.000000,0.332503,-1.595648,1.000000
1.000000,1.000000,0.000000,2.056862,-0.784540,1.000000
1.000000,1.000000,0.000000,1.859318,-1.492945,1.000000
0.000000,0.000000,0.000000,0.198047,1.183728,0.000000
0.000000,0.000000,0.000000,-0.125746,3.413789,0.000000
1.000000,0.000000,0.000000,1.971032,-0.686083,1.000000
1.000000,0.000000,0.000000,0.035503,0.980635,1.000000
0.000000,0.000000,0.000000,-0.032601,1.320072,0.000000
1.000000,1.000000,1.000000,-0.092840,2.534970,0.000000
1.000000,0.000000,1.000000,-2.295297,0.787471,0.000000
0.000000,0.000000,0.000000,1.197584,0.260966,0.000000
0.000000,0.000000,1.000000,-1.714422,4.182932,0.000000
0.000000,0.000000,1.000000,-1.557738,1.008591,0.000000
0.000000,0.000000,1.000000,-0.650540,-1.719734,0.000000
0.000000,0.000000,0.000000,1.134386,5.255454,0.000000
1.000000,0.000000,0.000000,-0.173462,-1.509279,1.000000
1.000000,0.000000,0.000000,0.690415,1.483412,1.000000
0.000000,0.000000,1.000000,-2.725494,5.462573,0.000000
0.000000,0.000000,0.000000,-0.722371,2.275153,0.000000
1.000000,0.000000,0.000000,0.071641,2.116332,0.000000
0.000000,0.000000,1.000000,-0.400902,4.546718,0.000000
0.000000,0.000000,0.000000,0.604632,-0.774330,1.000000
0.000000,0.000000,1.000000,-1.119276,-1.826965,1.000000
1.000000,0.000000,0.000000,0.126183,1.129689,0.000000
0.000000,0.000000,0.000000,-1.059474,2.053501,0.000000
0.000000,0.000000,0.000000,-0.576705,0.814447,0.000000
0.000000,0.000000,0.000000,-0.110594,0.813910,0.000000
1.000000,1.000000,0.000000,1.765072,2.478426,0.000000
0.000000,0.000000,0.000000,-0.391980,2.491301,0.000000
1.000000,1.000000,0.000000,2.650954,-0.391264,1.000000
0.000000,0.000000,1.000000,-2.238422,3.120621,0.000000
1.000000,0.000000,0.000000,1.789225,0.279456,1.000000
0.000000,1.000000,0.000000,0.345730,1.384193,0.000000
0.000000,0.000000,1.000000,-1.071994,-1.514673,0.000000
1.000000,0.000000,0.000000,1.147010,3.233779,1.000000
1.000000,0.000000,1.000000,0.113689,0.577419,0.000000
1.000000,0.000000,0.000000,0.978738,1.242174,0.000000
1.000000,0.000000,0.000000,0.691103,1.019082,0.000000
0.000000,0.000000,1.000000,-0.513873,0.391040,0.000000
1.000000,0.000000,0.000000,-0.310705,-1.049307,1.000000
0.000000,0.000000,0.000000,-0.312505,2.020534,0.000000
0.000000,0.000000,1.000000,-2.240442,-0.159850,0.000000
1.000000,1.000000,1.000000,-0.348613,-0.073302,0.000000
1.000000,0.000000,0.000000,0.260930,-0.912624,1.000000
0.000000,0.000000,0.000000,-1.224968,0.906427,0.000000
0.000000,0.000000,1.000000,-0.359334,1.167948,0.000000
0.000000,0.000000,0.000000,-0.791614,2.554444,0.000000
0.000000,1.000000,0.000000,0.055054,2.841803,0.000000
1.000000,0.000000,1.000000,-1.669877,-0.361791,0.000000
0.000000,0.000000,1.000000,-1.543935,4.824391,0.000000
