1.000000,0.000000,0.000000,0.525109,1.363388,1.000000
0.000000,1.000000,0.000000,-0.380009,1.520889,0.000000
1.000000,1.000000,0.000000,-0.331475,1.624458,0.000000
1.000000,0.000000,0.000000,-1.264747,1.070522,0.000000
1.000000,0.000000,0.000000,-0.176070,2.534815,0.000000
0.000000,0.000000,1.000000,-0.888455,5.999039,0.000000
0.000000,0.000000,0.000000,-0.344720,2.830991,0.000000
0.000000,0.000000,0.000000,-0.372737,0.192356,1.000000
0.000000,0.000000,1.000000,-1.413804,-0.572076,1.000000
0.000000,0.000000,0.000000,0.626953,-1.199427,0.000000
0.000000,1.000000,0.000000,1.555218,2.709489,0.000000
0.000000,1.000000,0.000000,-1.483191,2.978152,0.000000
0.000000,0.000000,1.000000,-0.981934,3.236552,0.000000
1.000000,0.000000,1.000000,-0.645998,-2.631767,0.000000
0.000000,0.000000,0.000000,-0.723647,1.190809,0.000000
0.000000,0.000000,0.000000,2.138764,0.596451,0.000000
1.000000,1.000000,0.000000,1.222665,0.686287,1.000000
0.000000,0.000000,0.000000,-0.287973,2.937629,1.000000
0.000000,0.000000,1.000000,-1.782749,3.415534,0.000000
0.000000,1.000000,0.000000,0.507762,1.538587,0.000000
1.000000,0.000000,1.000000,-2.629852,-0.876471,0.000000
0.000000,0.000000,0.000000,-2.039538,2.227655,0.000000
1.000000,0.000000,0.000000,0.278300,2.374647,0.000000
1.000000,0.000000,1.000000,-0.990762,1.275956,0.000000
0.000000,0.000000,0.000000,-0.452718,0.431020,0.000000
0.000000,0.000000,0.000000,-0.397067,1.453445,0.000000
0.000000,0.000000,0.000000,-0.069496,3.595619,0.000000
0.000000,0.000000,0.000000,-1.693108,1.588144,0.000000
0.000000,0.000000,0.000000,0.078361,-1.579725,1.000000
0.000000,0.000000,0.000000,0.470253,2.421207,0.000000
0.000000,0.000000,0.000000,-0.956096,4.085447,0.000000
0.000000,0.000000,0.000000,0.418389,0.452544,0.000000
0.000000,0.000000,0.000000,-1.148272,2.830245,0.000000
0.000000,0.000000,0.000000,-1.704878,3.202173,0.000000
0.000000,0.000000,0.000000,-0.101623,0.387154,0.000000
0.000000,0.000000,1.000000,-1.284140,1.962225,0.000000
1.000000,1.000000,1.000000,0.636036,3.893596,0.000000
0.000000,0.000000,0.000000,-0.260181,1.325223,0.000000
0.000000,0.000000,1.000000,-0.339402,5.692750,0.000000
1.000000,0.000000,0.000000,0.142724,-1.988965,1.000000
0.000000,0.000000,0.000000,-0.026906,2.563688,0.000000
1.000000,0.000000,0.000000,2.788202,1.754938,1.000000
0.000000,0.000000,0.000000,-0.969360,1.213128,0.000000
0.000000,1.000000,0.000000,-1.007226,1.298200,0.000000
0.000000,0.000000,1.000000,-2.050782,3.512705,0.000000
0.000000,0.000000,0.000000,0.646162,0.474600,1.000000
0.000000,0.000000,0.000000,-0.887375,1.881664,0.000000
1.000000,0.000000,0.000000,-0.967032,-1.263731,0.000000
1.000000,1.000000,0.000000,1.757841,-0.816045,1.000000
0.000000,0.000000,0.000000,-1.214328,2.936811,0.000000
0.000000,0.000000,0.000000,-0.981351,0.530774,0.000000
0.000000,0.000000,0.000000,-1.695909,1.144417,0.000000
1.000000,1.000000,1.000000,1.167911,3.032585,0.000000
0.000000,0.000000,1.000000,-0.918565,2.904805,0.000000
0.000000,0.000000,1.000000,-1.346389,3.238016,0.000000
1.000000,0.000000,0.000000,-0.907446,-1.566023,1.000000
0.000000,0.000000,0.000000,-0.078477,3.389883,0.000000
0.000000,0.000000,0.000000,-0.425404,3.994781,0.000000
1.000000,1.000000,1.000000,-0.313198,-0.028508,0.000000
1.000000,0.000000,0.000000,2.070880,-0.632308,0.000000
0.000000,1.000000,0.000000,0.802635,4.248624,1.000000
0.000000,0.000000,1.000000,-0.412369,2.987954,0.000000
1.000000,1.000000,0.000000,-0.088000,1.770640,0.000000
1.000000,1.000000,0.000000,1.196020,1.114876,1.000000
1.000000,1.000000,0.000000,1.652617,1.671153,1.000000
0.000000,0.000000,0.000000,1.467475,2.378063,0.000000
1.000000,0.000000,0.000000,0.541633,1.119717,0.000000
0.000000,0.000000,0.000000,1.198715,3.604789,0.000000
1.000000,0.000000,0.000000,1.310872,4.423867,0.000000
1.000000,0.000000,1.000000,-0.578262,-1.190095,0.000000
0.000000,0.000000,1.000000,0.011102,4.672936,0.000000
0.000000,0.000000,0.000000,-0.701743,2.478157,0.000000
1.000000,1.000000,0.000000,0.932112,1.521892,1.000000
0.000000,0.000000,0.000000,0.242481,0.853608,1.000000
0.000000,0.000000,1.000000,-1.429013,1.546765,0.000000
0.000000,0.000000,1.000000,0.233637,1.649961,0.000000
0.000000,0.000000,0.000000,-0.313120,3.036879,1.000000
0.000000,0.000000,1.000000,-1.795890,-0.154760,0.000000
1.000000,1.000000,1.000000,-0.496111,4.310478,0.000000
1.000000,0.000000,0.000000,0.773161,-0.529232,1.000000
0.000000,0.000000,0.000000,0.517026,1.422712,0.000000
1.000000,1.000000,1.000000,-0.118156,-0.706218,0.000000
0.000000,0.000000,0.000000,0.839904,-1.204193,0.000000
0.000000,0.000000,0.000000,-0.455604,0.348556,0.000000
0.000000,0.000000,0.000000,-0.600442,0.691869,0.000000
0.000000,0.000000,0.000000,-0.776308,-0.040823,0.000000
1.000000,0.000000,1.000000,-0.702861,0.801702,0.000000
1.000000,0.000000,0.000000,-0.062136,0.560742,0.000000
1.000000,1.000000,1.000000,-1.443679,2.254062,0.000000
0.000000,0.000000,0.000000,-0.068164,-2.466482,1.000000
1.000000,0.000000,0.000000,-0.330070,4.614685,0.000000
0.000000,0.000000,0.000000,0.852674,0.542492,0.000000
1.000000,0.000000,1.000000,-0.134595,0.912100,0.000000
0.000000,0.000000,0.000000,0.532630,0.980705,0.000000
1.000000,0.000000,0.000000,-0.658378,-0.276366,1.000000
0.000000,0.000000,0.000000,0.746834,-0.004304,0.000000
1.000000,0.000000,1.000000,-1.761336,-0.243188,0.000000
0.000000,1.000000,1.000000,-1.425617,1.206301,0.000000
0.000000,0.000000,0.000000,-0.714971,4.006118,0.000000
0.000000,0.000000,0.000000,-0.865213,0.938868,0.000000
0.000000,0.000000,1.000000,-1.561674,2.012588,0.000000
1.000000,1.000000,0.000000,2.258349,-1.071194,1.000000
0.000000,0.000000,0.000000,-0.261839,-0.298615,0.000000
0.000000,0.000000,0.000000,0.964125,0.031379,0.000000
0.000000,0.000000,1.000000,-1.266254,2.094732,1.000000
0.000000,0.000000,0.000000,0.648913,5.329891,0.000000
1.000000,0.000000,0.000000,1.315474,-2.208220,0.000000
1.000000,1.000000,1.000000,0.088951,-0.072466,1.000000
0.000000,0.000000,0.000000,-0.116681,3.321623,0.000000
0.000000,0.000000,0.000000,0.732543,-2.132668,1.000000
1.000000,1.000000,0.000000,0.346582,0.589905,1.000000
0.000000,0.000000,1.000000,0.302523,5.905373,0.000000
0.000000,0.000000,0.000000,-1.345072,-0.462673,0.000000
0.000000,0.000000,0.000000,1.050920,3.870297,1.000000
0.000000,0.000000,1.000000,-0.490355,2.159350,0.000000
0.000000,0.000000,0.000000,0.637134,2.138582,0.000000
0.000000,0.000000,1.000000,-0.546608,2.040386,0.000000
0.000000,0.000000,0.000000,1.193115,-1.497719,0.000000
1.000000,0.000000,0.000000,-0.201967,2.237225,0.000000
0.000000,0.000000,0.000000,0.019595,1.924807,0.000000
1.000000,0.000000,1.000000,-0.061639,-0.871153,1.000000
1.000000,0.000000,1.000000,-1.154090,-1.252277,0.000000
1.000000,0.000000,0.000000,1.799668,0.242944,0.000000
0.000000,0.000000,0.000000,1.069276,1.845497,0.000000
0.000000,0.000000,0.000000,-1.376268,0.346832,0.000000
0.000000,0.000000,0.000000,-1.265943,-0.386848,0.000000
0.000000,0.000000,0.000000,-1.308988,0.455915,0.000000
1.000000,0.000000,1.000000,-1.167335,-1.069038,0.000000
0.000000,1.000000,0.000000,-0.064388,4.996118,0.000000
0.000000,0.000000,0.000000,0.713333,0.705653,0.000000
0.000000,0.000000,0.000000,-0.646919,3.225127,0.000000
0.000000,0.000000,0.000000,-0.734082,1.794712,0.000000
0.000000,1.000000,0.000000,0.311480,4.515823,0.000000
0.000000,0.000000,0.000000,-1.486557,-0.553387,0.000000
0.000000,1.000000,1.000000,-1.060875,5.328368,0.000000
0.000000,0.000000,0.000000,-0.461365,5.462019,0.000000
1.000000,0.000000,0.000000,0.452141,1.144714,0.000000
1.000000,0.000000,0.000000,0.906457,4.316417,0.000000
0.000000,0.000000,0.000000,0.019678,2.406547,0.000000
0.000000,0.000000,0.000000,-0.921998,0.449312,0.000000
0.000000,0.000000,0.000000,-1.889378,-0.451655,0.000000
0.000000,0.000000,1.000000,-2.762989,1.163020,0.000000
0.000000,0.000000,1.000000,-0.306828,4.096105,0.000000
0.000000,0.000000,1.000000,-2.768503,3.165473,0.000000
1.000000,0.000000,0.000000,0.399277,0.273260,1.000000
0.000000,0.000000,0.000000,-0.202200,-0.749652,0.000000
0.000000,0.000000,1.000000,-3.335723,1.771216,0.000000
1.000000,1.000000,1.000000,0.741229,0.383013,1.000000
0.000000,1.000000,0.000000,0.247578,2.288447,0.000000
1.000000,1.000000,1.000000,0.296749,4.467389,0.000000
1.000000,1.000000,1.000000,-0.787233,1.228009,0.000000
1.000000,0.000000,0.000000,1.975767,-2.388969,0.000000
0.000000,0.000000,1.000000,-0.468432,0.256661,1.000000
1.000000,1.000000,0.000000,0.660317,2.433103,0.000000
0.000000,0.000000,1.000000,-0.772437,2.258880,0.000000
0.000000,0.000000,1.000000,-1.477040,0.638187,0.000000
0.000000,0.000000,0.000000,0.970061,1.542281,1.000000
0.000000,0.000000,1.000000,-0.169542,1.621921,0.000000
0.000000,0.000000,1.000000,-1.333172,3.336447,0.000000
0.000000,0.000000,0.000000,-0.006571,1.986048,0.000000
1.000000,1.000000,0.000000,1.185988,3.089183,1.000000
0.000000,0.000000,1.000000,-0.536996,-0.684066,0.000000
0.000000,0.000000,0.000000,-1.328017,-1.966721,0.000000
0.000000,0.000000,0.000000,0.527457,4.029104,0.000000
0.000000,0.000000,1.000000,-0.662584,0.715824,1.000000
1.000000,1.000000,1.000000,1.177433,1.899560,1.000000
0.000000,0.000000,1.000000,-0.130886,-0.377468,0.000000
0.000000,0.000000,1.000000,-1.072133,2.366716,1.000000
1.000000,1.000000,1.000000,-2.301561,2.391703,0.000000
0.000000,0.000000,0.000000,1.029594,1.996820,0.000000
1.000000,0.000000,1.000000,0.518367,0.439150,1.000000
1.000000,0.000000,0.000000,1.998786,-0.745719,1.000000
0.000000,0.000000,1.000000,-1.636228,-0.132697,0.000000
0.000000,1.000000,0.000000,2.552699,1.781168,1.000000
1.000000,1.000000,0.000000,0.567590,0.948584,0.000000
1.000000,0.000000,0.000000,0.759861,0.539728,1.000000
0.000000,1.000000,1.000000,0.047767,2.153119,0.000000
0.000000,0.000000,0.000000,-0.221983,3.504050,0.000000
0.000000,0.000000,0.000000,-0.093130,1.263362,1.000000
0.000000,0.000000,0.000000,-1.438339,5.592775,0.000000
0.000000,0.000000,1.000000,-0.759426,6.071652,0.000000
1.000000,0.000000,1.000000,-2.037282,2.643268,0.000000
0.000000,0.000000,1.000000,-0.008964,-2.066970,1.000000
0.000000,0.000000,0.000000,-0.276762,0.589216,1.000000
0.000000,0.000000,1.000000,0.349398,1.035795,0.000000
0.000000,0.000000,0.000000,-0.856099,-0.455760,0.000000
0.000000,0.000000,1.000000,-0.639373,-0.097732,0.000000
1.000000,0.000000,0.000000,1.930556,0.976778,1.000000
0.000000,0.000000,0.000000,0.733373,4.231343,0.000000
0.000000,1.000000,0.000000,0.567082,4.520433,0.000000
0.000000,0.000000,0.000000,0.584598,0.144280,1.000000
0.000000,1.000000,0.000000,0.805259,2.151860,0.000000
1.000000,1.000000,0.000000,0.991903,-0.328270,1.000000
0.000000,0.000000,0.000000,-0.029360,0.027380,0.000000
1.000000,0.000000,0.000000,0.126158,-4.610420,1.000000
0.000000,0.000000,0.000000,1.890321,5.385755,0.000000
0.000000,0.000000,1.000000,-0.640958,3.330891,0.000000
1.000000,1.000000,0.000000,2.050418,0.479579,1.000000
0.000000,0.000000,1.000000,-0.597031,1.488673,0.000000
0.000000,0.000000,0.000000,-0.757144,-1.181204,0.000000
0.000000,1.000000,1.000000,-0.249727,2.838725,0.000000
1.000000,0.000000,0.000000,1.129107,4.288299,0.000000
1.000000,1.000000,0.000000,0.897129,0.503597,0.000000
1.000000,1.000000,0.000000,0.576519,0.104529,0.000000
0.000000,0.000000,0.000000,0.035590,1.609942,0.000000
1.000000,1.000000,0.000000,0.355419,2.487417,0.000000
0.000000,0.000000,1.000000,-0.281981,4.457628,0.000000
0.000000,1.000000,0.000000,0.595481,2.485330,0.000000
0.000000,0.000000,0.000000,-0.561124,1.076812,1.000000
0.000000,0.000000,0.000000,-3.107760,3.541756,0.000000
0.000000,0.000000,0.000000,0.100231,1.917097,0.000000
1.000000,0.000000,0.000000,0.962822,-0.401293,0.000000
0.000000,0.000000,1.000000,-0.425800,1.370577,0.000000
0.000000,0.000000,1.000000,-0.900668,1.895650,0.000000
0.000000,0.000000,0.000000,-1.931524,0.557872,0.000000
1.000000,0.000000,0.000000,-0.156664,0.995792,0.000000
1.000000,1.000000,1.000000,0.809980,0.523240,1.000000
1.000000,1.000000,0.000000,1.350490,0.373967,1.000000
0.000000,0.000000,1.000000,-1.415462,3.053348,0.000000
0.000000,0.000000,1.000000,-0.551899,3.311589,0.000000
1.000000,1.000000,1.000000,-1.538788,3.559201,0.000000
0.000000,0.000000,0.000000,-0.376604,3.318887,0.000000
0.000000,0.000000,1.000000,-1.623847,3.993004,0.000000
0.000000,0.000000,0.000000,-0.444881,3.182301,0.000000
0.000000,0.000000,0.000000,-1.032305,-0.398432,0.000000
1.000000,1.000000,1.000000,1.043893,-0.076897,1.000000
0.000000,0.000000,0.000000,1.188812,-1.100071,0.000000
1.000000,0.000000,0.000000,0.691461,0.177634,1.000000
1.000000,0.000000,0.000000,0.453200,-0.312558,1.000000
1.000000,1.000000,1.000000,-0.012201,4.454604,0.000000
1.000000,0.000000,1.000000,-1.731531,1.846446,0.000000
0.000000,0.000000,1.000000,-0.729642,2.259423,0.000000
0.000000,0.000000,0.000000,-0.636057,-0.017874,0.000000
1.000000,1.000000,0.000000,2.146114,-0.512710,0.000000
0.000000,0.000000,1.000000,-3.006743,4.515774,0.000000
0.000000,0.000000,1.000000,-3.039627,1.810156,0.000000
1.000000,0.000000,0.000000,0.468016,-0.127448,0.000000
0.000000,0.000000,0.000000,0.219490,-0.042258,0.000000
1.000000,1.000000,1.000000,0.541891,1.941933,0.000000
1.000000,0.000000,0.000000,-0.212650,-2.568422,0.000000
0.000000,0.000000,1.000000,-2.917172,2.157377,0.000000
0.000000,0.000000,0.000000,-1.036151,3.019266,0.000000
1.000000,0.000000,1.000000,0.161609,2.462843,0.000000
0.000000,0.000000,0.000000,1.134641,2.154389,0.000000
0.000000,0.000000,0.000000,-0.540241,1.798917,0.000000
1.000000,0.000000,1.000000,-0.575182,1.742196,0.000000
0.000000,0.000000,0.000000,-0.182436,1.229497,0.000000
0.000000,0.000000,0.000000,1.215358,0.130692,1.000000
0.000000,0.000000,0.000000,-0.828095,0.939445,0.000000
1.000000,1.000000,1.000000,-2.001799,2.532653,0.000000
0.000000,0.000000,1.000000,-1.577678,5.256899,0.000000
0.000000,0.000000,0.000000,0.843610,0.786780,0.000000
0.000000,0.000000,1.000000,-1.059819,-2.000915,0.000000
1.000000,1.000000,1.000000,0.165498,1.801367,1.000000
0.000000,0.000000,0.000000,-1.915828,2.113001,0.000000
1.000000,0.000000,0.000000,0.749724,0.356811,0.000000
0.000000,0.000000,1.000000,-0.774604,2.372288,0.000000
0.000000,0.000000,1.000000,-0.347392,3.456225,0.000000
0.000000,1.000000,0.000000,-0.217133,5.952617,0.000000
1.000000,1.000000,1.000000,0.179770,-1.535159,1.000000
0.000000,0.000000,1.000000,-1.583296,5.535899,0.000000
1.000000,1.000000,1.000000,-0.505574,2.694726,0.000000
1.000000,1.000000,0.000000,1.462735,-0.300050,1.000000
1.000000,0.000000,0.000000,-0.332531,0.176548,0.000000
0.000000,1.000000,0.000000,0.800104,-0.017441,0.000000
0.000000,0.000000,0.000000,-0.393435,-3.113988,1.000000
0.000000,1.000000,1.000000,-0.137590,3.106097,0.000000
0.000000,0.000000,0.000000,-0.886035,1.585646,1.000000
0.000000,1.000000,1.000000,0.028782,1.532963,1.000000
1.000000,1.000000,1.000000,0.496717,-1.039236,0.000000
0.000000,0.000000,1.000000,-0.676528,1.943514,0.000000
0.000000,0.000000,0.000000,-1.326446,4.160694,0.000000
0.000000,0.000000,0.000000,0.005631,-0.383165,0.000000
1.000000,0.000000,0.000000,0.210005,0.791758,1.000000
0.000000,0.000000,0.000000,0.063001,-0.759875,1.000000
1.000000,0.000000,0.000000,0.677791,0.353566,0.000000
0.000000,0.000000,1.000000,-0.097152,2.183317,0.000000
1.000000,1.000000,1.000000,-0.490645,0.885092,0.000000
1.000000,0.000000,0.000000,1.509524,-2.595671,1.000000
0.000000,0.000000,1.000000,0.036702,6.180838,0.000000
0.000000,0.000000,0.000000,0.545752,2.075669,0.000000
0.000000,0.000000,0.000000,-0.512872,2.702961,0.000000
0.000000,0.000000,0.000000,0.577864,-0.039457,1.000000
0.000000,1.000000,0.000000,-1.588056,2.534553,0.000000
0.000000,0.000000,1.000000,-0.768698,1.204656,0.000000
0.000000,0.000000,1.000000,-3.759033,0.666205,0.000000
1.000000,0.000000,0.000000,-0.642300,1.174317,0.000000
1.000000,1.000000,0.000000,1.781738,-2.417353,1.000000
1.000000,0.000000,1.000000,1.673624,1.256198,1.000000
1.000000,0.000000,0.000000,-0.640744,-0.763948,0.000000
0.000000,0.000000,1.000000,-1.744859,4.537816,0.000000
0.000000,0.000000,0.000000,-0.737292,1.329356,0.000000
0.000000,0.000000,0.000000,0.513987,0.627988,1.000000
0.000000,0.000000,1.000000,-0.081894,4.493392,0.000000
1.000000,0.000000,0.000000,1.138429,1.012859,0.000000
0.000000,0.000000,0.000000,-2.630126,1.292287,0.000000
0.000000,0.000000,1.000000,-2.393256,1.616014,0.000000
1.000000,0.000000,0.000000,1.256115,-1.894303,1.000000
0.000000,0.000000,0.000000,-0.268604,3.829306,0.000000
0.000000,0.000000,0.000000,-0.239281,-0.423991,0.000000
0.000000,0.000000,1.000000,-0.886884,2.773588,0.000000
0.000000,0.000000,0.000000,-1.479012,2.931888,0.000000
1.000000,0.000000,1.000000,-0.409183,-1.231992,0.000000
1.000000,1.000000,0.000000,1.357793,1.156745,1.000000
0.000000,0.000000,0.000000,-1.559443,2.626522,0.000000
1.000000,0.000000,1.000000,-1.017842,0.095724,1.000000
0.000000,0.000000,0.000000,-0.844323,3.697648,0.000000
0.000000,0.000000,1.000000,-0.319184,1.209547,0.000000
1.000000,0.000000,0.000000,-0.502066,1.841706,0.000000
1.000000,0.000000,1.000000,-0.250068,-0.092149,1.000000
0.000000,0.000000,1.000000,-2.220947,3.894863,0.000000
0.000000,0.000000,0.000000,-1.890286,-0.747926,0.000000
1.000000,0.000000,1.000000,0.055513,-0.438451,1.000000
0.000000,1.000000,0.000000,0.568712,-0.583642,1.000000
0.000000,0.000000,0.000000,-0.040365,2.962508,0.000000
0.000000,0.000000,1.000000,-0.158431,0.155407,1.000000
1.000000,0.000000,0.000000,0.800085,-1.928826,1.000000
0.000000,0.000000,0.000000,-0.949363,0.932184,0.000000
1.000000,0.000000,0.000000,1.293979,0.518418,0.000000
0.000000,0.000000,0.000000,0.042776,2.639016,0.000000
1.000000,1.000000,1.000000,-0.686461,0.132918,0.000000
1.000000,0.000000,0.000000,1.206204,3.063336,0.000000
1.000000,1.000000,0.000000,1.219870,-0.731454,1.000000
1.000000,0.000000,0.000000,-0.009834,0.042687,0.000000
0.000000,0.000000,0.000000,-1.457128,3.273959,0.000000
0.000000,1.000000,1.000000,0.111607,2.287623,0.000000
1.000000,0.000000,0.000000,-0.217348,1.091319,1.000000
0.000000,0.000000,1.000000,-2.457790,-0.602452,0.000000
0.000000,0.000000,1.000000,-0.108983,0.594932,1.000000
0.000000,0.000000,0.000000,0.860490,-0.865898,1.000000
1.000000,1.000000,1.000000,0.855429,5.571458,0.000000
1.000000,0.000000,0.000000,1.171037,-0.830836,0.000000
1.000000,1.000000,1.000000,-0.141425,-0.899220,1.000000
0.000000,0.000000,0.000000,-0.954240,3.141962,1.000000
1.000000,0.000000,0.000000,0.423828,1.683064,1.000000
0.000000,0.000000,0.000000,0.354638,2.809524,0.000000
1.000000,0.000000,1.000000,-0.088547,1.826779,0.000000
0.000000,0.000000,0.000000,0.797630,5.180021,0.000000
0.000000,0.000000,1.000000,-1.409207,1.130103,0.000000
1.000000,1.000000,1.000000,-0.522676,-0.155180,0.000000
1.000000,0.000000,0.000000,1.106000,-1.107889,1.000000
0.000000,0.000000,1.000000,-0.378071,2.894965,0.000000
0.000000,0.000000,0.000000,0.400997,-0.497767,0.000000
0.000000,1.000000,1.000000,-1.179066,3.538863,0.000000
1.000000,0.000000,0.000000,1.181423,-0.666952,0.000000
0.000000,0.000000,0.000000,-0.971868,5.270140,1.000000
1.000000,1.000000,1.000000,0.626620,1.271735,1.000000
0.000000,0.000000,1.000000,-4.206287,2.681259,0.000000
1.000000,1.000000,0.000000,0.878879,0.819826,1.000000
1.000000,0.000000,0.000000,-1.291838,-0.169239,1.000000
0.000000,1.000000,0.000000,-0.037497,2.905129,0.000000
1.000000,1.000000,0.000000,0.311930,-1.243740,1.000000
0.000000,0.000000,0.000000,0.496238,0.225633,1.000000
1.000000,0.000000,0.000000,-0.257380,-0.533392,1.000000
0.000000,0.000000,0.000000,0.301291,2.052057,0.000000
0.000000,1.000000,1.000000,-2.087835,3.124276,0.000000
0.000000,0.000000,1.000000,-0.358778,2.442988,0.000000
0.000000,0.000000,0.000000,1.357749,2.174527,0.000000
1.000000,0.000000,0.000000,1.237829,2.382446,0.000000
1.000000,1.000000,1.000000,0.660361,-1.308117,1.000000
1.000000,1.000000,0.000000,1.244571,-2.877230,1.000000
0.000000,0.000000,1.000000,-0.162527,1.523230,0.000000
1.000000,0.000000,1.000000,0.692298,-1.633498,1.000000
0.000000,0.000000,0.000000,0.736653,3.389734,0.000000
0.000000,0.000000,1.000000,-0.606014,1.386097,0.000000
0.000000,0.000000,1.000000,-2.274209,2.254680,0.000000
0.000000,0.000000,0.000000,-1.024863,3.244064,0.000000
0.000000,0.000000,0.000000,-0.433959,3.704782,0.000000
0.000000,0.000000,0.000000,-2.134152,-1.063560,0.000000
1.000000,0.000000,0.000000,1.380195,1.948265,0.000000
0.000000,0.000000,0.000000,-0.742547,4.250985,0.000000
1.000000,0.000000,1.000000,0.272678,-1.829131,0.000000
1.000000,0.000000,0.000000,0.381901,0.238016,1.000000
1.000000,1.000000,1.000000,0.174884,1.667108,0.000000
0.000000,0.000000,0.000000,-0.246579,-0.157461,0.000000
0.000000,0.000000,0.000000,0.867693,0.471537,0.000000
0.000000,0.000000,1.000000,-1.002939,2.892611,0.000000
0.000000,0.000000,0.000000,-1.016796,2.314007,0.000000
1.000000,0.000000,0.000000,-0.661419,0.194212,0.000000
0.000000,0.000000,0.000000,1.025534,2.642157,0.000000
0.000000,0.000000,0.000000,0.949893,-0.015818,0.000000
0.000000,0.000000,1.000000,-0.963853,0.971852,0.000000
1.000000,0.000000,0.000000,1.152132,1.881692,0.000000
0.000000,0.000000,0.000000,-1.284435,2.460949,0.000000
0.000000,0.000000,1.000000,-2.103670,0.612299,0.000000
0.000000,0.000000,1.000000,-1.389006,0.948316,0.000000
0.000000,0.000000,0.000000,-0.101618,2.608905,0.000000
1.000000,0.000000,0.000000,-0.296673,-2.114139,1.000000
1.000000,0.000000,0.000000,2.538702,-1.629889,1.000000
0.000000,0.000000,1.000000,-1.157185,2.712269,0.000000
1.000000,0.000000,0.000000,-1.213895,-1.079699,1.000000
0.000000,0.000000,0.000000,-2.489194,2.448978,0.000000
0.000000,1.000000,1.000000,0.567730,2.942421,0.000000
0.000000,0.000000,0.000000,-0.536749,1.028052,0.000000
0.000000,0.000000,0.000000,0.184120,-1.004789,1.000000
1.000000,0.000000,1.000000,-1.381198,0.272196,0.000000
1.000000,0.000000,1.000000,0.132614,2.152235,0.000000
0.000000,0.000000,0.000000,-1.910433,1.565072,0.000000
0.000000,0.000000,0.000000,-2.443321,0.359834,0.000000
0.000000,0.000000,0.000000,0.131177,-2.332150,1.000000
1.000000,1.000000,0.000000,0.662649,2.928382,0.000000
1.000000,1.000000,1.000000,-2.039134,0.359957,0.000000
0.000000,0.000000,0.000000,0.245559,0.962632,0.000000
1.000000,0.000000,0.000000,0.564277,3.709353,0.000000
1.000000,1.000000,1.000000,-0.140842,-1.724409,0.000000
1.000000,1.000000,0.000000,3.171856,-2.113391,1.000000
1.000000,0.000000,0.000000,0.756222,0.219343,0.000000
0.000000,0.000000,1.000000,0.332607,-1.277493,1.000000
1.000000,0.000000,1.000000,1.082904,-2.098408,1.000000
0.000000,0.000000,0.000000,0.347681,1.883283,0.000000
1.000000,1.000000,1.000000,1.273721,-4.432582,1.000000
0.000000,0.000000,0.000000,0.304558,1.553031,0.000000
0.000000,1.000000,0.000000,-0.182974,4.893913,0.000000
1.000000,1.000000,0.000000,1.304460,0.638984,1.000000
0.000000,0.000000,0.000000,0.172962,1.212825,0.000000
1.000000,0.000000,0.000000,1.147374,-0.681864,1.000000
1.000000,1.000000,1.000000,-0.233541,1.233332,0.000000
0.000000,1.000000,0.000000,0.181269,0.455105,0.000000
1.000000,0.000000,0.000000,1.433396,2.110033,1.000000
0.000000,0.000000,1.000000,-1.068915,2.518290,0.000000
1.000000,0.000000,1.000000,0.299484,-0.521135,1.000000
0.000000,0.000000,0.000000,0.786119,1.798267,0.000000
1.000000,0.000000,0.000000,-0.881733,2.501153,0.000000
0.000000,0.000000,0.000000,-2.142374,0.141745,0.000000
1.000000,0.000000,0.000000,1.426326,-2.047021,1.000000
0.000000,0.000000,1.000000,-0.287504,0.022553,0.000000
0.000000,0.000000,1.000000,-1.586805,2.292322,1.000000
0.000000,0.000000,0.000000,1.032013,0.304159,1.000000
1.000000,1.000000,0.000000,1.392826,1.407152,1.000000
0.000000,0.000000,0.000000,0.015896,-4.497653,1.000000
0.000000,0.000000,1.000000,-0.715424,2.755178,0.000000
1.000000,0.000000,0.000000,0.640439,-1.829686,1.000000
0.000000,0.000000,1.000000,-0.879326,2.457723,0.000000
0.000000,0.000000,1.000000,-2.871083,1.677664,0.000000
0.000000,0.000000,0.000000,-0.231627,-0.182659,0.000000
1.000000,0.000000,0.000000,1.958209,-1.700435,1.000000
0.000000,0.000000,0.000000,0.772664,0.864948,0.000000
0.000000,0.000000,1.000000,-0.038773,-1.635620,1.000000
0.000000,0.000000,1.000000,-0.896364,3.002125,0.000000
0.000000,0.000000,1.000000,-1.973857,-0.121343,0.000000
1.000000,0.000000,1.000000,-1.098604,0.774839,0.000000
0.000000,0.000000,0.000000,-0.147304,-0.050856,0.000000
1.000000,0.000000,0.000000,0.651421,0.341354,0.000000
1.000000,0.000000,0.000000,0.351788,1.227862,0.000000
0.000000,0.000000,0.000000,-0.698046,-0.742388,0.000000
0.000000,0.000000,0.000000,-0.160152,2.279566,0.000000
0.000000,0.000000,0.000000,1.818689,1.813088,1.000000
0.000000,0.000000,0.000000,-0.270587,1.024466,0.000000
0.000000,0.000000,0.000000,-1.871810,3.728400,0.000000
0.000000,0.000000,0.000000,-1.412778,1.178736,0.000000
0.000000,0.000000,0.000000,-0.914534,0.122570,0.000000
1.000000,0.000000,0.000000,0.986827,-4.273333,1.000000
1.000000,0.000000,0.000000,0.325839,0.863498,0.000000
1.000000,0.000000,1.000000,-1.643172,0.806744,1.000000
0.000000,0.000000,0.000000,-0.060818,1.072764,0.000000
1.000000,0.000000,0.000000,-0.392661,-3.451198,1.000000
1.000000,1.000000,0.000000,2.131952,0.887371,1.000000
1.000000,0.000000,1.000000,-1.846886,-1.366663,1.000000
1.000000,1.000000,1.000000,-1.426581,5.938602,0.000000
0.000000,1.000000,1.000000,-0.457469,3.627430,0.000000
0.000000,0.000000,0.000000,-0.620143,3.512837,0.000000
1.000000,1.000000,0.000000,0.927139,0.642699,1.000000
1.000000,0.000000,0.000000,0.157251,-0.360119,1.000000
0.000000,0.000000,1.000000,-2.903993,0.785759,0.000000
0.000000,0.000000,1.000000,-0.447380,4.117594,0.000000
1.000000,0.000000,0.000000,1.884982,1.224522,0.000000
0.000000,0.000000,0.000000,-0.069792,1.382229,0.000000
1.000000,1.000000,1.000000,-1.761115,-2.848323,1.000000
0.000000,0.000000,1.000000,-1.799543,2.188688,0.000000
1.000000,1.000000,1.000000,0.505888,-0.602375,0.000000
1.000000,0.000000,0.000000,2.019595,2.085821,0.000000
0.000000,0.000000,0.000000,-1.104508,1.371858,0.000000
1.000000,0.000000,0.000000,1.239004,-2.348226,0.000000
1.000000,0.000000,0.000000,0.283210,0.328825,0.000000
0.000000,0.000000,0.000000,-0.156955,3.897338,0.000000
1.000000,0.000000,0.000000,0.878902,-1.112040,1.000000
1.000000,0.000000,1.000000,-0.709727,1.800831,0.000000
0.000000,0.000000,1.000000,-1.242864,2.785993,0.000000
1.000000,1.000000,0.000000,0.106169,-1.112478,1.000000
0.000000,1.000000,0.000000,1.345119,1.405357,0.000000
1.000000,0.000000,0.000000,1.085678,-0.571817,1.000000
1.000000,0.000000,0.000000,-1.315878,-1.164011,0.000000
0.000000,0.000000,0.000000,0.852779,0.900272,0.000000
0.000000,0.000000,0.000000,-0.385507,1.375491,0.000000
0.000000,0.000000,1.000000,-2.380169,1.002556,0.000000
1.000000,0.000000,0.000000,-0.637519,-1.391869,1.000000
0.000000,0.000000,1.000000,-0.834429,3.132512,0.000000
0.000000,0.000000,0.000000,-0.113150,-2.018883,1.000000
0.000000,0.000000,0.000000,0.600637,-0.761582,1.000000
1.000000,0.000000,1.000000,-1.603540,-0.169157,0.000000
1.000000,1.000000,0.000000,1.956281,3.036295,1.000000
1.000000,0.000000,0.000000,0.365186,-1.493725,1.000000
0.000000,0.000000,0.000000,0.032772,3.145916,0.000000
1.000000,0.000000,1.000000,-1.845012,0.357312,0.000000
0.000000,0.000000,0.000000,-0.604207,2.420299,0.000000
0.000000,1.000000,1.000000,-0.265221,2.882250,0.000000
1.000000,0.000000,0.000000,1.562973,-1.692435,1.000000
0.000000,0.000000,1.000000,-2.785405,2.091843,0.000000
0.000000,0.000000,0.000000,-0.125773,1.577054,1.000000
0.000000,0.000000,1.000000,-2.786959,0.918546,0.000000
1.000000,0.000000,1.000000,-0.055059,0.811952,0.000000
0.000000,0.000000,0.000000,-0.723201,0.805920,0.000000
1.000000,0.000000,1.000000,-2.110316,-0.911593,0.000000
1.000000,1.000000,0.000000,1.820523,0.543748,1.000000
0.000000,1.000000,1.000000,-2.083645,3.854992,0.000000
0.000000,0.000000,1.000000,-0.778733,2.639716,0.000000
0.000000,0.000000,1.000000,-0.779111,0.191693,1.000000
0.000000,0.000000,0.000000,-0.278972,2.413589,0.000000
0.000000,0.000000,0.000000,-0.763042,1.876017,0.000000
1.000000,1.000000,0.000000,1.299748,2.139616,0.000000
1.000000,1.000000,0.000000,1.237981,-2.230437,1.000000
1.000000,0.000000,0.000000,-0.258193,0.567227,1.000000
1.000000,1.000000,0.000000,2.025131,-0.392188,1.000000
0.000000,0.000000,1.000000,-1.251376,-0.703507,1.000000
0.000000,0.000000,0.000000,-0.667458,1.288271,0.000000
0.000000,0.000000,1.000000,-0.574095,0.315284,0.000000
0.000000,1.000000,1.000000,-0.451985,2.538342,0.000000
1.000000,0.000000,0.000000,-0.901516,2.884111,0.000000
1.000000,0.000000,0.000000,1.821181,-0.287634,1.000000
1.000000,1.000000,0.000000,1.356995,-4.006629,1.000000
0.000000,0.000000,0.000000,-0.990384,-1.041628,0.000000
1.000000,0.000000,0.000000,0.853271,-3.974250,1.000000
0.000000,0.000000,0.000000,-0.292845,3.540986,0.000000
1.000000,0.000000,1.000000,0.363798,-3.455715,1.000000
1.000000,0.000000,0.000000,-0.067069,-0.512697,0.000000
1.000000,1.000000,0.000000,-0.144950,2.841378,0.000000
1.000000,0.000000,0.000000,-0.007474,-1.116103,0.000000
0.000000,0.000000,0.000000,-0.915257,0.751768,1.000000
1.000000,1.000000,1.000000,-0.972825,2.122478,0.000000
0.000000,0.000000,0.000000,-0.058458,0.890503,0.000000
0.000000,0.000000,1.000000,-2.152894,-0.269897,0.000000
1.000000,1.000000,0.000000,2.510123,0.912103,1.000000
0.000000,0.000000,0.000000,-1.677018,3.904991,0.000000
1.000000,1.000000,0.000000,0.005105,-0.720128,1.000000
1.000000,0.000000,1.000000,-0.091345,3.554274,0.000000
0.000000,0.000000,1.000000,-1.026621,1.642891,0.000000
0.000000,0.000000,0.000000,0.649901,3.810488,0.000000
0.000000,0.000000,0.000000,0.791245,0.447504,0.000000
1.000000,0.000000,0.000000,1.229909,-0.867044,1.000000
0.000000,0.000000,1.000000,0.141323,-3.080722,1.000000
0.000000,0.000000,0.000000,1.218261,-0.755037,1.000000
1.000000,0.000000,0.000000,-1.524646,1.321130,0.000000
0.000000,0.000000,0.000000,-0.484754,2.129942,1.000000
0.000000,0.000000,0.000000,-1.285701,3.729344,1.000000
1.000000,1.000000,0.000000,1.435567,-0.773717,1.000000
0.000000,0.000000,0.000000,1.855347,3.052141,1.000000
1.000000,1.000000,1.000000,2.337090,1.077842,1.000000
1.000000,0.000000,0.000000,2.201230,-2.140541,1.000000
0.000000,0.000000,0.000000,0.466918,-2.074085,1.000000
1.000000,1.000000,0.000000,1.868806,0.937808,0.000000
0.000000,0.000000,0.000000,-0.046989,3.476001,0.000000
1.000000,0.000000,0.000000,0.337371,-3.180876,1.000000
0.000000,0.000000,0.000000,-0.473775,2.527954,0.000000
0.000000,0.000000,1.000000,-1.774651,2.513066,0.000000
1.000000,0.000000,0.000000,0.175068,-1.310431,1.000000
0.000000,0.000000,0.000000,-1.517804,1.450397,0.000000
0.000000,0.000000,0.000000,0.282174,2.042086,0.000000
0.000000,0.000000,1.000000,-1.524935,3.676448,0.000000
1.000000,0.000000,0.000000,0.260909,-0.347781,1.000000
0.000000,0.000000,0.000000,0.725662,3.416170,0.000000
0.000000,0.000000,0.000000,-0.608858,2.633466,0.000000
1.000000,1.000000,0.000000,1.802174,0.861136,1.000000
1.000000,0.000000,0.000000,0.841184,2.993638,0.000000
0.000000,0.000000,1.000000,-1.663392,-0.529591,0.000000
0.000000,1.000000,1.000000,0.371204,2.593268,1.000000
0.000000,1.000000,1.000000,0.229883,2.538009,0.000000
0.000000,0.000000,1.000000,-2.663370,3.503685,0.000000
0.000000,0.000000,0.000000,-0.144403,0.763314,0.000000
1.000000,0.000000,0.000000,0.421958,0.346999,0.000000
1.000000,0.000000,0.000000,-0.963615,-0.028384,0.000000
0.000000,0.000000,0.000000,-0.420698,-1.259308,0.000000
1.000000,1.000000,1.000000,0.069098,1.164734,0.000000
1.000000,0.000000,0.000000,1.415676,1.671207,1.000000
0.000000,0.000000,1.000000,-1.782003,-0.132340,0.000000
1.000000,0.000000,1.000000,-1.409850,1.381226,0.000000
1.000000,0.000000,0.000000,0.846877,-3.175652,1.000000
0.000000,1.000000,0.000000,1.831397,0.801505,1.000000
1.000000,0.000000,1.000000,-1.115066,-2.043904,1.000000
1.000000,0.000000,0.000000,0.547045,3.019944,0.000000
0.000000,0.000000,0.000000,0.089907,-1.102523,1.000000
0.000000,0.000000,0.000000,-1.493043,1.928069,0.000000
1.000000,1.000000,1.000000,1.982788,1.720012,0.000000
1.000000,0.000000,0.000000,2.639001,2.081269,1.000000
0.000000,1.000000,0.000000,-0.930432,1.309215,0.000000
0.000000,0.000000,1.000000,-0.619303,1.965683,0.000000
1.000000,0.000000,0.000000,0.266542,1.658360,0.000000
1.000000,1.000000,1.000000,-0.091086,-0.537025,0.000000
0.000000,0.000000,0.000000,-0.278762,0.260923,0.000000
1.000000,0.000000,1.000000,-0.480555,2.566529,0.000000
1.000000,1.000000,1.000000,0.957526,0.993672,0.000000
0.000000,1.000000,0.000000,1.020064,1.817758,0.000000
0.000000,1.000000,1.000000,-0.168583,0.522918,0.000000
0.000000,0.000000,0.000000,-0.869067,0.904872,1.000000
1.000000,1.000000,1.000000,0.512543,-0.018252,0.000000
0.000000,0.000000,0.000000,1.408431,1.710553,0.000000
1.000000,0.000000,0.000000,1.040410,0.551960,0.000000
0.000000,0.000000,0.000000,-0.404288,2.057017,0.000000
0.000000,0.000000,0.000000,-1.033090,0.753433,0.000000
1.000000,1.000000,0.000000,-0.064582,-1.312471,0.000000
1.000000,1.000000,0.000000,-0.572749,-0.963878,0.000000
0.000000,0.000000,0.000000,-1.196317,0.107100,0.000000
0.000000,0.000000,1.000000,-0.498840,2.954853,0.000000
0.000000,0.000000,0.000000,0.600194,5.154523,0.000000
0.000000,0.000000,0.000000,-0.710098,2.545708,1.000000
0.000000,0.000000,0.000000,0.246556,-3.830205,1.000000
0.000000,0.000000,0.000000,0.254167,4.187737,0.000000
0.000000,0.000000,0.000000,-0.342565,2.884359,0.000000
0.000000,0.000000,0.000000,0.845679,0.394791,1.000000
0.000000,0.000000,0.000000,-0.804645,2.911868,0.000000
1.000000,0.000000,0.000000,0.243950,0.270764,0.000000
1.000000,0.000000,0.000000,1.751765,0.340753,1.000000
0.000000,0.000000,1.000000,-1.623711,1.309788,0.000000
0.000000,0.000000,0.000000,-0.995829,2.369202,0.000000
0.000000,0.000000,0.000000,0.891399,-0.315763,1.000000
1.000000,1.000000,1.000000,-0.393201,0.603440,1.000000
0.000000,0.000000,0.000000,-1.042338,-0.784846,0.000000
1.000000,0.000000,0.000000,0.835335,1.934750,0.000000
0.000000,0.000000,0.000000,-0.421328,0.273329,0.000000
0.000000,0.000000,0.000000,-0.943997,-1.985760,1.000000
0.000000,0.000000,0.000000,-0.015453,2.225516,0.000000
0.000000,1.000000,1.000000,-0.351159,1.386454,0.000000
0.000000,0.000000,0.000000,0.562578,-2.059176,0.000000
0.000000,0.000000,0.000000,0.089857,1.128472,1.000000
1.000000,0.000000,0.000000,0.392194,1.454172,1.000000
0.000000,0.000000,0.000000,1.820116,-0.944549,1.000000
1.000000,0.000000,1.000000,-1.217693,-0.831313,1.000000
0.000000,0.000000,0.000000,0.303929,5.669653,0.000000
0.000000,0.000000,1.000000,1.328712,3.003276,0.000000
1.000000,1.000000,0.000000,1.270872,-0.101249,1.000000
0.000000,0.000000,1.000000,-2.364712,0.955960,0.000000
0.000000,0.000000,0.000000,-1.209829,2.557910,0.000000
1.000000,0.000000,0.000000,0.434130,2.707611,0.000000
0.000000,0.000000,1.000000,-2.269511,2.288325,0.000000
0.000000,0.000000,0.000000,0.077070,0.194371,0.000000
0.000000,0.000000,1.000000,-2.861570,0.212947,0.000000
1.000000,0.000000,0.000000,-0.345296,1.198304,1.000000
1.000000,0.000000,0.000000,0.877460,1.232364,1.000000
0.000000,0.000000,0.000000,-1.285930,-1.038509,1.000000
1.000000,1.000000,1.000000,1.548506,-0.802443,1.000000
0.000000,0.000000,0.000000,-1.092130,-0.067739,0.000000
1.000000,0.000000,0.000000,0.920665,-5.032413,1.000000
0.000000,0.000000,0.000000,-0.977767,3.608043,0.000000
0.000000,0.000000,0.000000,0.230548,4.489285,0.000000
1.000000,0.000000,1.000000,-0.531825,1.908335,0.000000
0.000000,0.000000,0.000000,-0.087813,2.765164,0.000000
0.000000,1.000000,1.000000,-0.470677,3.366589,0.000000
1.000000,1.000000,0.000000,2.390257,3.754287,0.000000
0.000000,0.000000,0.000000,-0.312496,-0.476952,0.000000
0.000000,0.000000,0.000000,0.037177,0.921275,1.000000
0.000000,0.000000,0.000000,-0.222092,4.923657,0.000000
1.000000,1.000000,1.000000,0.483200,1.507638,0.000000
0.000000,0.000000,0.000000,1.228785,3.511521,0.000000
0.000000,1.000000,1.000000,-1.238036,4.036083,0.000000
1.000000,1.000000,0.000000,0.095228,3.145975,0.000000
1.000000,0.000000,0.000000,-0.396233,1.663748,1.000000
1.000000,1.000000,0.000000,1.799638,0.038675,1.000000
0.000000,0.000000,0.000000,0.581800,5.064983,0.000000
1.000000,1.000000,0.000000,2.471397,-2.251432,1.000000
0.000000,0.000000,0.000000,0.708041,0.195961,0.000000
1.000000,0.000000,0.000000,1.098580,-1.330128,1.000000
0.000000,0.000000,0.000000,-1.788165,3.180359,0.000000
1.000000,0.000000,1.000000,0.218169,-2.232118,1.000000
1.000000,0.000000,1.000000,-0.165535,2.385844,1.000000
0.000000,0.000000,0.000000,-1.244887,3.744564,0.000000
0.000000,0.000000,0.000000,-1.845125,-1.710092,1.000000
0.000000,0.000000,0.000000,-1.616994,3.827759,0.000000
1.000000,0.000000,0.000000,-0.816116,-0.691883,0.000000
0.000000,0.000000,1.000000,-1.366123,1.787656,0.000000
1.000000,1.000000,0.000000,0.932696,0.111803,1.000000
1.000000,0.000000,0.000000,0.982577,0.414647,0.000000
1.000000,0.000000,0.000000,0.035941,-2.960467,1.000000
0.000000,0.000000,0.000000,0.843989,0.081758,1.000000
0.000000,0.000000,1.000000,-1.708423,3.309857,0.000000
1.000000,1.000000,0.000000,1.201991,0.486004,0.000000
1.000000,0.000000,0.000000,0.222929,0.226827,1.000000
1.000000,1.000000,1.000000,1.938300,1.479753,1.000000
0.000000,0.000000,0.000000,-0.739334,1.625812,1.000000
1.000000,0.000000,0.000000,0.700988,-0.766118,1.000000
0.000000,0.000000,1.000000,0.478479,0.939613,0.000000
0.000000,0.000000,0.000000,-0.449306,-1.900430,1.000000
1.000000,0.000000,0.000000,0.039517,-1.501449,1.000000
0.000000,0.000000,0.000000,0.299262,1.284551,1.000000
1.000000,1.000000,0.000000,-0.309701,1.347619,0.000000
1.000000,0.000000,0.000000,-1.472277,-1.955232,0.000000
0.000000,0.000000,1.000000,-2.819645,1.539875,0.000000
0.000000,1.000000,0.000000,0.595365,3.578205,0.000000
0.000000,0.000000,0.000000,-0.420675,-0.887429,0.000000
0.000000,0.000000,0.000000,-0.191463,1.676966,0.000000
0.000000,0.000000,0.000000,-1.137888,-0.311855,0.000000
0.000000,0.000000,1.000000,-1.131653,1.286728,1.000000
1.000000,0.000000,1.000000,0.424475,-0.418613,0.000000
1.000000,0.000000,0.000000,0.103941,-0.639987,1.000000
1.000000,0.000000,0.000000,1.346570,0.090975,1.000000
1.000000,0.000000,0.000000,-0.571942,-0.054846,1.000000
0.000000,0.000000,0.000000,1.124152,2.193653,0.000000
0.000000,0.000000,1.000000,-0.579962,5.117213,0.000000
1.000000,1.000000,1.000000,0.006847,4.573912,0.000000
1.000000,0.000000,0.000000,-0.327470,1.927886,0.000000
0.000000,0.000000,0.000000,-1.750783,3.470206,0.000000
1.000000,1.000000,0.000000,2.574174,-2.913335,1.000000
1.000000,0.000000,1.000000,-2.482353,0.893310,1.000000
0.000000,0.000000,0.000000,0.670997,4.076542,0.000000
0.000000,0.000000,0.000000,-0.603580,1.308448,0.000000
0.000000,0.000000,0.000000,-2.042343,-2.095378,1.000000
0.000000,0.000000,0.000000,-0.494785,-3.844412,1.000000
1.000000,1.000000,0.000000,2.227643,2.520977,0.000000
0.000000,0.000000,0.000000,-0.232170,-0.853704,1.000000
1.000000,0.000000,0.000000,-0.034479,1.371210,0.000000
1.000000,0.000000,1.000000,-0.735509,-1.592025,1.000000
1.000000,0.000000,1.000000,1.129431,0.344065,1.000000
0.000000,0.000000,0.000000,-0.148262,2.404315,0.000000
0.000000,0.000000,0.000000,-0.724751,2.097884,0.000000
0.000000,1.000000,0.000000,1.348156,1.456953,0.000000
0.000000,0.000000,0.000000,0.739104,-0.107018,0.000000
1.000000,1.000000,0.000000,0.965385,2.197899,0.000000
0.000000,0.000000,0.000000,-1.128498,-0.350777,0.000000
1.000000,0.000000,0.000000,1.177222,-1.220409,1.000000
1.000000,0.000000,0.000000,1.315559,-2.977344,1.000000
0.000000,0.000000,0.000000,-0.981380,3.261292,0.000000
0.000000,0.000000,0.000000,0.057944,2.025183,0.000000
1.000000,0.000000,1.000000,0.584854,2.888899,0.000000
1.000000,0.000000,0.000000,-1.566695,-2.757198,1.000000
0.000000,0.000000,1.000000,-2.369519,1.045753,0.000000
1.000000,0.000000,1.000000,-0.282501,-0.076658,1.000000
1.000000,0.000000,0.000000,-0.852524,-3.457344,0.000000
0.000000,0.000000,1.000000,0.720406,0.586557,0.000000
0.000000,0.000000,0.000000,0.112706,3.603650,0.000000
1.000000,0.000000,0.000000,-0.145831,1.623228,1.000000
0.000000,0.000000,0.000000,-0.346472,0.763689,1.000000
1.000000,0.000000,0.000000,1.437430,-0.291807,1.000000
1.000000,0.000000,1.000000,-1.052858,-1.220329,0.000000
0.000000,0.000000,0.000000,0.045737,3.727408,0.000000
0.000000,0.000000,0.000000,-1.217952,5.442310,0.000000
1.000000,0.000000,0.000000,0.389202,-2.464839,1.000000
0.000000,0.000000,1.000000,0.070100,0.244201,0.000000
1.000000,1.000000,1.000000,0.871756,-1.683637,1.000000
1.000000,1.000000,1.000000,0.919703,-0.188807,0.000000
0.000000,0.000000,0.000000,-0.569770,-0.755532,1.000000
1.000000,0.000000,0.000000,-0.131731,-0.870067,1.000000
0.000000,0.000000,1.000000,-1.936564,0.039189,1.000000
1.000000,0.000000,0.000000,0.079459,1.475758,0.000000
1.000000,0.000000,0.000000,-0.235916,2.838490,0.000000
0.000000,0.000000,0.000000,-1.497580,-1.018207,1.000000
1.000000,1.000000,1.000000,0.316670,0.534964,1.000000
1.000000,0.000000,0.000000,0.518264,0.046905,1.000000
0.000000,0.000000,1.000000,0.618566,2.001934,0.000000
1.000000,0.000000,0.000000,1.256964,0.003761,1.000000
0.000000,0.000000,0.000000,0.579327,6.014360,0.000000
1.000000,1.000000,1.000000,0.664854,3.450280,0.000000
0.000000,0.000000,1.000000,0.745934,5.166589,0.000000
0.000000,0.000000,1.000000,0.074850,3.364305,0.000000
1.000000,1.000000,1.000000,0.362284,-0.407846,0.000000
0.000000,0.000000,1.000000,-0.929670,2.121261,0.000000
0.000000,1.000000,1.000000,0.630248,3.873470,0.000000
1.000000,1.000000,0.000000,1.220922,3.459983,0.000000
1.000000,0.000000,1.000000,0.347389,0.372172,0.000000
0.000000,0.000000,0.000000,0.191039,1.200865,0.000000
0.000000,0.000000,1.000000,-2.032422,2.141820,0.000000
0.000000,0.000000,1.000000,-2.507498,5.386107,0.000000
0.000000,0.000000,0.000000,-1.689568,1.285375,0.000000
0.000000,1.000000,1.000000,0.356635,2.422584,0.000000
1.000000,1.000000,0.000000,1.579700,1.166776,1.000000
1.000000,0.000000,0.000000,0.650089,-1.968310,1.000000
1.000000,1.000000,0.000000,2.223796,3.614059,0.000000
0.000000,0.000000,0.000000,-1.191444,0.531149,1.000000
0.000000,1.000000,1.000000,-0.604809,5.541239,0.000000
1.000000,0.000000,1.000000,0.258745,-0.183517,1.000000
0.000000,0.000000,1.000000,-0.897764,-0.423860,1.000000
0.000000,0.000000,1.000000,-0.807329,-0.437475,0.000000
1.000000,0.000000,0.000000,0.200864,0.151554,0.000000
0.000000,0.000000,0.000000,-0.292909,2.672032,0.000000
1.000000,0.000000,0.000000,1.068790,-3.591421,1.000000
0.000000,0.000000,0.000000,-1.667020,-0.759639,0.000000
1.000000,1.000000,1.000000,-0.463790,-1.455100,0.000000
1.000000,1.000000,0.000000,0.647852,1.967350,0.000000
0.000000,0.000000,1.000000,-0.145778,2.910077,0.000000
0.000000,1.000000,0.000000,0.522502,0.484713,0.000000
0.000000,0.000000,1.000000,-0.448651,0.938663,0.000000
1.000000,0.000000,0.000000,1.059497,0.120713,1.000000
0.000000,0.000000,0.000000,0.822855,3.833744,0.000000
1.000000,0.000000,0.000000,2.262460,-0.823025,1.000000
1.000000,0.000000,0.000000,1.237903,1.851504,0.000000
0.000000,0.000000,0.000000,-3.318314,0.987365,0.000000
1.000000,0.000000,0.000000,0.609609,-0.568762,0.000000
1.000000,0.000000,0.000000,-1.324991,1.347972,0.000000
1.000000,1.000000,0.000000,2.245294,-0.757799,1.000000
0.000000,1.000000,1.000000,0.110569,2.722147,0.000000
0.000000,1.000000,0.000000,0.347046,3.678466,0.000000
0.000000,0.000000,0.000000,0.579954,2.928927,0.000000
1.000000,0.000000,0.000000,1.226627,-0.440573,1.000000
1.000000,0.000000,0.000000,0.874490,0.651528,1.000000
0.000000,1.000000,0.000000,0.592627,-1.190085,1.000000
1.000000,0.000000,0.000000,0.347347,1.938545,1.000000
1.000000,1.000000,1.000000,-1.334226,0.863204,0.000000
1.000000,0.000000,0.000000,-0.788785,2.048876,1.000000
0.000000,0.000000,0.000000,-1.196302,3.592136,0.000000
0.000000,0.000000,0.000000,1.491931,2.003257,1.000000
0.000000,0.000000,0.000000,-1.911612,4.456584,0.000000
1.000000,1.000000,0.000000,1.339652,-0.766517,1.000000
0.000000,0.000000,0.000000,-1.295681,0.808403,0.000000
0.000000,0.000000,0.000000,0.617781,2.012668,0.000000
1.000000,1.000000,0.000000,0.806239,1.053115,0.000000
1.000000,1.000000,1.000000,1.580903,5.519958,1.000000
0.000000,0.000000,1.000000,-2.283970,-1.285139,0.000000
0.000000,0.000000,0.000000,0.200043,1.469251,0.000000
1.000000,0.000000,0.000000,0.004374,-1.946496,1.000000
1.000000,0.000000,1.000000,-0.830813,1.265790,1.000000
0.000000,0.000000,0.000000,0.677183,-3.815532,1.000000
0.000000,0.000000,1.000000,-3.848033,2.747142,0.000000
0.000000,0.000000,0.000000,-0.331109,-0.148986,0.000000
0.000000,1.000000,0.000000,0.635645,1.896353,0.000000
0.000000,0.000000,1.000000,0.253121,3.897392,0.000000
0.000000,0.000000,0.000000,-1.822945,1.752403,0.000000
1.000000,1.000000,1.000000,-1.073024,1.755909,0.000000
1.000000,1.000000,0.000000,0.536598,2.567790,0.000000
0.000000,0.000000,1.000000,-0.296193,0.453224,0.000000
1.000000,0.000000,0.000000,0.905720,-1.431437,1.000000
1.000000,0.000000,0.000000,1.619685,0.043514,0.000000
1.000000,1.000000,0.000000,1.711160,2.531038,0.000000
1.000000,0.000000,1.000000,-0.239978,0.912399,0.000000
0.000000,0.000000,0.000000,0.263453,0.136268,1.000000
0.000000,0.000000,1.000000,-2.294017,4.928219,0.000000
0.000000,0.000000,0.000000,-0.803546,-1.157927,1.000000
0.000000,0.000000,1.000000,-3.689869,3.233241,0.000000
0.000000,0.000000,1.000000,-0.766894,0.347255,0.000000
1.000000,0.000000,1.000000,-0.712957,-1.698750,1.000000
0.000000,0.000000,0.000000,-1.103567,2.037506,0.000000
1.000000,1.000000,1.000000,-0.378967,2.344502,0.000000
0.000000,0.000000,0.000000,0.433915,1.974072,1.000000
0.000000,0.000000,0.000000,0.911839,3.010280,0.000000
0.000000,0.000000,1.000000,-0.491241,3.615101,0.000000
0.000000,0.000000,0.000000,0.554362,-0.909202,0.000000
1.000000,0.000000,0.000000,0.584196,1.417010,1.000000
0.000000,0.000000,0.000000,1.022690,1.607372,0.000000
1.000000,1.000000,0.000000,0.940887,2.454281,1.000000
1.000000,1.000000,0.000000,3.616724,0.321990,1.000000
0.000000,0.000000,1.000000,-1.989332,0.779213,0.000000
0.000000,0.000000,1.000000,-1.708605,1.890714,0.000000
0.000000,1.000000,0.000000,1.221307,-0.811956,0.000000
0.000000,0.000000,0.000000,0.110848,-0.634958,0.000000
1.000000,0.000000,0.000000,-0.722711,-0.979742,1.000000
0.000000,0.000000,1.000000,-1.408574,1.492049,0.000000
0.000000,1.000000,0.000000,2.541383,0.423770,1.000000
0.000000,0.000000,0.000000,-0.309938,1.731931,1.000000
0.000000,0.000000,0.000000,0.037013,1.947529,0.000000
0.000000,1.000000,0.000000,1.267282,1.230293,0.000000
1.000000,0.000000,0.000000,-0.473272,0.423886,0.000000
1.000000,0.000000,1.000000,-0.962571,2.516783,0.000000
0.000000,0.000000,1.000000,-0.418005,1.540431,0.000000
0.000000,0.000000,0.000000,-0.533019,2.091870,0.000000
0.000000,0.000000,0.000000,0.648135,3.624251,0.000000
1.000000,1.000000,0.000000,0.373936,-1.521795,0.000000
0.000000,1.000000,1.000000,-1.634231,3.228233,0.000000
1.000000,0.000000,0.000000,0.578748,-3.542396,1.000000
1.000000,1.000000,0.000000,1.070685,4.502837,0.000000
0.000000,0.000000,0.000000,-0.856406,0.214716,1.000000
1.000000,1.000000,0.000000,1.352903,2.691950,1.000000
0.000000,0.000000,0.000000,-0.645411,0.077806,0.000000
0.000000,0.000000,1.000000,-1.982766,2.201296,0.000000
1.000000,0.000000,0.000000,-1.072099,1.993157,0.000000
0.000000,0.000000,0.000000,-0.788494,2.200026,0.000000
1.000000,0.000000,0.000000,0.986650,-0.626395,0.000000
0.000000,0.000000,0.000000,-2.250643,2.981956,0.000000
1.000000,0.000000,0.000000,1.032485,-4.231038,1.000000
1.000000,0.000000,0.000000,-0.418488,0.643192,0.000000
1.000000,0.000000,0.000000,-0.087268,1.549527,0.000000
0.000000,0.000000,0.000000,-0.353750,-0.121348,0.000000
1.000000,1.000000,0.000000,1.641383,2.621675,0.000000
0.000000,0.000000,0.000000,-0.289821,2.791498,0.000000
1.000000,0.000000,0.000000,-0.395659,2.490678,0.000000
0.000000,0.000000,0.000000,1.551347,1.704034,0.000000
1.000000,0.000000,1.000000,1.252473,0.515692,1.000000
1.000000,0.000000,0.000000,1.595511,-2.273606,1.000000
1.000000,0.000000,0.000000,0.254684,-0.910451,1.000000
1.000000,1.000000,0.000000,0.709198,0.050607,0.000000
0.000000,1.000000,1.000000,0.884588,1.833222,0.000000
1.000000,0.000000,0.000000,0.591334,1.149395,0.000000
1.000000,1.000000,1.000000,-0.129026,-0.783938,0.000000
0.000000,0.000000,0.000000,-0.093028,1.245749,0.000000
1.000000,0.000000,1.000000,0.069858,0.745621,0.000000
0.000000,0.000000,0.000000,-1.232577,0.019742,0.000000
0.000000,0.000000,0.000000,1.049378,3.419475,0.000000
1.000000,0.000000,0.000000,-0.471776,0.417171,1.000000
0.000000,0.000000,0.000000,-0.612209,-0.218828,0.000000
0.000000,0.000000,0.000000,-1.723999,2.288953,0.000000
0.000000,0.000000,1.000000,0.674729,0.802042,0.000000
0.000000,0.000000,0.000000,0.896168,-0.094618,0.000000
0.000000,0.000000,0.000000,-1.053855,1.370311,0.000000
1.000000,1.000000,0.000000,1.069353,2.401534,0.000000
1.000000,1.000000,0.000000,0.729523,-1.840131,1.000000
1.000000,0.000000,0.000000,0.196523,-0.166885,1.000000
0.000000,0.000000,0.000000,1.310865,2.484164,1.000000
1.000000,1.000000,0.000000,2.164751,0.412113,1.000000
0.000000,0.000000,1.000000,-1.166941,0.506115,0.000000
0.000000,0.000000,1.000000,-1.663740,4.235168,0.000000
0.000000,0.000000,1.000000,-2.558878,2.539261,1.000000
1.000000,1.000000,0.000000,2.351040,-0.766580,1.000000
0.000000,0.000000,1.000000,-1.640666,0.427926,0.000000
0.000000,0.000000,0.000000,1.503512,2.310436,0.000000
1.000000,0.000000,1.000000,0.329044,-3.355184,1.000000
1.000000,0.000000,0.000000,2.281417,2.688406,1.000000
0.000000,0.000000,0.000000,-0.315651,1.105133,1.000000
0.000000,0.000000,0.000000,-2.369369,-0.436144,0.000000
1.000000,0.000000,0.000000,1.051233,2.452879,0.000000
1.000000,1.000000,1.000000,1.222176,-4.400066,1.000000
1.000000,0.000000,0.000000,-0.179808,1.266345,1.000000
0.000000,0.000000,0.000000,0.033666,-0.380151,1.000000
1.000000,1.000000,1.000000,0.471002,-1.425021,1.000000
1.000000,1.000000,0.000000,1.930797,0.958580,1.000000
0.000000,0.000000,0.000000,0.947787,-0.488679,1.000000
1.000000,1.000000,0.000000,3.007531,-0.796962,0.000000
1.000000,0.000000,0.000000,0.311292,1.126455,1.000000
0.000000,1.000000,1.000000,-1.101760,2.477190,0.000000
0.000000,0.000000,0.000000,1.162539,0.017017,1.000000
1.000000,0.000000,0.000000,0.068702,0.568602,1.000000
0.000000,0.000000,0.000000,0.561146,3.520726,1.000000
1.000000,1.000000,1.000000,0.485524,-0.949459,1.000000
1.000000,1.000000,1.000000,0.501787,2.800163,0.000000
1.000000,1.000000,0.000000,1.020282,1.579296,0.000000
1.000000,1.000000,0.000000,1.331506,0.107282,0.000000
0.000000,0.000000,0.000000,0.105098,0.384656,0.000000
0.000000,0.000000,0.000000,0.644026,1.422564,1.000000
0.000000,0.000000,0.000000,-0.780827,2.058777,0.000000
0.000000,0.000000,0.000000,-1.045413,0.436223,0.000000
1.000000,1.000000,1.000000,-1.051878,1.391714,1.000000
1.000000,0.000000,0.000000,-0.381210,1.289164,1.000000
0.000000,0.000000,1.000000,-0.866089,0.220685,1.000000
1.000000,0.000000,1.000000,2.043226,-1.230149,1.000000
0.000000,0.000000,1.000000,-3.248709,4.252173,0.000000
0.000000,0.000000,0.000000,0.734034,4.088965,0.000000
1.000000,0.000000,0.000000,1.354638,0.166615,1.000000
0.000000,0.000000,0.000000,-0.819222,-1.940273,1.000000
0.000000,0.000000,0.000000,-0.621486,2.031363,0.000000
1.000000,1.000000,1.000000,0.211503,3.486990,0.000000
0.000000,0.000000,0.000000,0.751310,1.295068,1.000000
0.000000,0.000000,0.000000,-0.050737,-0.290862,0.000000
1.000000,0.000000,0.000000,0.659227,-3.641822,1.000000
1.000000,0.000000,0.000000,0.913440,-0.309815,1.000000
0.000000,0.000000,0.000000,0.529010,1.367320,0.000000
0.000000,0.000000,1.000000,-1.264134,1.515045,0.000000
0.000000,0.000000,1.000000,-2.642546,0.773598,0.000000
0.000000,0.000000,0.000000,0.525128,6.686493,0.000000
0.000000,0.000000,0.000000,-1.089812,1.793672,0.000000
0.000000,0.000000,0.000000,1.179127,1.402083,1.000000
0.000000,0.000000,1.000000,-2.177496,4.849572,0.000000
1.000000,0.000000,0.000000,1.083300,4.227462,1.000000
1.000000,0.000000,0.000000,0.582116,1.309870,0.000000
1.000000,1.000000,0.000000,0.314144,0.732636,1.000000
0.000000,0.000000,0.000000,-0.710407,2.969896,0.000000
0.000000,0.000000,0.000000,-1.362770,4.790415,0.000000
0.000000,0.000000,0.000000,-0.156143,3.641604,0.000000
0.000000,0.000000,0.000000,-0.387670,-1.617585,1.000000
0.000000,0.000000,0.000000,1.259771,-0.095196,1.000000
1.000000,0.000000,1.000000,-1.137929,3.657593,0.000000
0.000000,1.000000,1.000000,-0.952121,4.498408,0.000000
0.000000,0.000000,0.000000,-0.661825,-0.220787,0.000000
0.000000,0.000000,0.000000,0.528848,4.659531,0.000000
1.000000,0.000000,1.000000,0.552542,2.026449,1.000000
1.000000,1.000000,0.000000,0.879316,-1.560921,1.000000
1.000000,0.000000,0.000000,-0.634192,-1.260800,0.000000
0.000000,0.000000,0.000000,-1.362195,5.147581,0.000000
1.000000,0.000000,1.000000,-2.204405,2.873366,0.000000
1.000000,0.000000,1.000000,-0.763953,3.324751,0.000000
1.000000,0.000000,0.000000,1.991223,0.367960,1.000000
1.000000,0.000000,0.000000,0.413360,-2.612028,1.000000
1.000000,0.000000,0.000000,-0.170997,0.298626,0.000000
1.000000,0.000000,0.000000,1.381241,-0.841210,1.000000
1.000000,0.000000,0.000000,1.248318,-1.861747,1.000000
0.000000,0.000000,0.000000,-0.621955,4.308344,0.000000
0.000000,0.000000,0.000000,-0.631178,-1.271519,0.000000
0.000000,0.000000,0.000000,-0.814325,3.009639,0.000000
0.000000,0.000000,1.000000,-0.186122,2.066453,0.000000
0.000000,0.000000,1.000000,-0.996984,-0.769991,1.000000
1.000000,0.000000,0.000000,1.708305,1.301198,0.000000
0.000000,0.000000,0.000000,-1.160394,1.131042,0.000000
0.000000,0.000000,0.000000,-0.793693,1.881028,0.000000
0.000000,0.000000,1.000000,0.463253,-0.090931,0.000000
0.000000,0.000000,0.000000,-0.848304,-0.329995,0.000000
0.000000,0.000000,0.000000,0.154393,-2.454011,1.000000
0.000000,1.000000,0.000000,-0.162611,2.580397,0.000000
1.000000,0.000000,0.000000,1.424925,1.534415,1.000000
1.000000,1.000000,0.000000,1.601426,1.829868,0.000000
0.000000,0.000000,1.000000,-1.169975,0.173829,0.000000
1.000000,0.000000,0.000000,0.614086,-1.471910,1.000000
0.000000,0.000000,0.000000,-0.867386,1.375534,0.000000
0.000000,1.000000,0.000000,0.946224,4.309371,0.000000
1.000000,0.000000,0.000000,0.722639,-1.151777,1.000000
0.000000,0.000000,0.000000,-0.673730,0.290822,0.000000
1.000000,0.000000,1.000000,0.556455,0.203210,1.000000
0.000000,1.000000,1.000000,0.945298,4.280404,0.000000
0.000000,0.000000,0.000000,-1.068320,0.311662,1.000000
1.000000,1.000000,0.000000,0.276572,-4.144037,1.000000
1.000000,1.000000,1.000000,1.197898,2.344778,0.000000
0.000000,0.000000,0.000000,0.391001,-2.949425,1.000000
0.000000,1.000000,0.000000,0.031557,2.110775,0.000000
0.000000,0.000000,0.000000,-0.224928,0.985862,0.000000
0.000000,1.000000,1.000000,-0.435951,4.846613,0.000000
0.000000,0.000000,1.000000,-2.159951,3.832829,0.000000
1.000000,0.000000,1.000000,0.209963,0.342264,1.000000
1.000000,0.000000,0.000000,-0.785479,1.590884,0.000000
