1.000000,0.000000,0.000000,-1.042737,-2.358843,0.000000
0.000000,0.000000,0.000000,-0.092034,0.937619,1.000000
1.000000,0.000000,0.000000,-1.056808,3.507868,0.000000
0.000000,0.000000,1.000000,-0.562526,2.276348,0.000000
0.000000,0.000000,0.000000,1.593381,2.283326,0.000000
0.000000,0.000000,0.000000,-1.409334,1.921685,0.000000
0.000000,0.000000,0.000000,-0.158359,-1.935562,1.000000
0.000000,0.000000,0.000000,-1.900920,-1.295587,0.000000
0.000000,0.000000,0.000000,0.297013,0.480645,0.000000
0.000000,0.000000,1.000000,-2.311292,1.699787,0.000000
0.000000,0.000000,1.000000,-0.467111,0.755096,0.000000
1.000000,0.000000,1.000000,-0.305781,-2.235273,0.000000
0.000000,0.000000,0.000000,-0.108298,-0.280444,0.000000
1.000000,0.000000,0.000000,1.991877,-1.262494,1.000000
1.000000,1.000000,0.000000,4.071811,0.545645,1.000000
0.000000,0.000000,1.000000,-1.323564,2.506706,0.000000
0.000000,1.000000,1.000000,0.301860,5.047171,0.000000
0.000000,0.000000,1.000000,-0.181293,0.350070,1.000000
0.000000,0.000000,0.000000,0.381511,4.255058,0.000000
0.000000,0.000000,0.000000,-1.848745,0.555529,0.000000
0.000000,0.000000,0.000000,-1.093571,3.671488,0.000000
0.000000,0.000000,1.000000,-1.326976,1.767775,0.000000
0.000000,0.000000,1.000000,-0.632086,1.546878,0.000000
1.000000,1.000000,0.000000,0.270180,1.287710,1.000000
0.000000,0.000000,0.000000,0.620558,4.590286,0.000000
1.000000,1.000000,0.000000,1.017778,1.790237,0.000000
0.000000,0.000000,0.000000,0.736635,-1.972273,1.000000
0.000000,0.000000,0.000000,-0.678427,6.766353,0.000000
1.000000,0.000000,0.000000,1.581619,-2.353806,1.000000
0.000000,0.000000,0.000000,-0.322976,-0.120619,0.000000
0.000000,0.000000,0.000000,-0.259062,-1.207061,0.000000
0.000000,0.000000,0.000000,0.338064,2.295204,0.000000
1.000000,0.000000,1.000000,-0.350777,0.224047,0.000000
1.000000,0.000000,0.000000,1.189021,0.205755,1.000000
0.000000,0.000000,0.000000,-0.254366,0.870487,1.000000
0.000000,0.000000,0.000000,-0.639653,0.419350,0.000000
1.000000,0.000000,1.000000,-0.361492,0.364012,0.000000
0.000000,0.000000,1.000000,-2.542342,3.578107,0.000000
1.000000,0.000000,0.000000,3.040342,-1.716848,1.000000
1.000000,1.000000,0.000000,1.900839,0.241637,1.000000
0.000000,0.000000,0.000000,1.167851,1.127328,0.000000
0.000000,0.000000,0.000000,1.312989,2.007099,0.000000
0.000000,0.000000,0.000000,-0.891802,-0.402015,0.000000
0.000000,0.000000,0.000000,-1.738386,0.702390,0.000000
0.000000,0.000000,0.000000,-0.398217,1.992641,1.000000
0.000000,0.000000,1.000000,-1.795112,0.115094,0.000000
0.000000,0.000000,1.000000,-1.779899,2.699120,0.000000
0.000000,0.000000,1.000000,-0.180619,-0.466191,1.000000
0.000000,0.000000,1.000000,-2.026533,1.395941,0.000000
1.000000,1.000000,1.000000,-0.239358,6.523689,0.000000
1.000000,1.000000,0.000000,1.678938,-2.818205,1.000000
0.000000,0.000000,0.000000,1.665266,-1.763492,1.000000
0.000000,0.000000,0.000000,-0.641919,-1.656794,0.000000
1.000000,0.000000,0.000000,0.143629,1.132658,1.000000
0.000000,0.000000,0.000000,-1.498469,2.714614,0.000000
0.000000,0.000000,0.000000,0.620499,2.140758,0.000000
1.000000,0.000000,1.000000,-0.780085,1.168407,0.000000
1.000000,1.000000,1.000000,1.078029,-1.258729,1.000000
1.000000,1.000000,0.000000,1.375874,0.524492,0.000000
0.000000,1.000000,1.000000,-0.011655,3.877039,0.000000
0.000000,0.000000,0.000000,-1.162830,-0.121506,0.000000
0.000000,0.000000,0.000000,0.171550,1.084269,0.000000
0.000000,0.000000,1.000000,-0.428648,1.205358,0.000000
0.000000,1.000000,1.000000,0.148813,3.024707,0.000000
1.000000,0.000000,1.000000,-1.323757,2.163313,1.000000
0.000000,0.000000,0.000000,-0.747470,4.415767,0.000000
1.000000,1.000000,0.000000,0.962769,3.085128,1.000000
0.000000,0.000000,1.000000,-0.977324,0.681368,1.000000
0.000000,0.000000,0.000000,0.305798,0.596656,1.000000
0.000000,0.000000,0.000000,-2.121232,1.303788,0.000000
0.000000,0.000000,1.000000,-2.286285,0.439720,0.000000
0.000000,0.000000,0.000000,0.050959,4.983689,0.000000
0.000000,0.000000,1.000000,-2.235379,-0.419879,0.000000
1.000000,0.000000,0.000000,1.518550,1.418282,1.000000
1.000000,1.000000,1.000000,0.061565,0.171969,0.000000
0.000000,0.000000,1.000000,-2.193936,2.137629,0.000000
1.000000,0.000000,1.000000,-0.377108,-2.502783,1.000000
0.000000,0.000000,1.000000,-1.712257,3.579858,0.000000
0.000000,0.000000,0.000000,-1.639000,-0.005227,1.000000
0.000000,0.000000,0.000000,2.056020,0.595595,1.000000
1.000000,0.000000,0.000000,0.909577,0.832402,0.000000
1.000000,0.000000,0.000000,1.909667,2.243942,0.000000
0.000000,0.000000,1.000000,-1.690828,4.171658,0.000000
1.000000,0.000000,1.000000,-1.161501,-1.612666,1.000000
1.000000,1.000000,0.000000,1.844590,3.261248,0.000000
1.000000,0.000000,0.000000,0.576952,-0.516998,1.000000
1.000000,0.000000,1.000000,-1.516412,1.499239,0.000000
0.000000,0.000000,0.000000,1.074217,-1.498837,1.000000
1.000000,1.000000,0.000000,0.642862,2.235143,0.000000
0.000000,0.000000,1.000000,-1.477685,0.844204,0.000000
0.000000,0.000000,0.000000,0.288355,2.328930,1.000000
1.000000,0.000000,0.000000,0.931912,-0.590301,1.000000
0.000000,0.000000,1.000000,-1.774894,2.987961,0.000000
1.000000,1.000000,0.000000,2.567290,-0.662691,1.000000
1.000000,1.000000,1.000000,1.820734,2.731657,0.000000
1.000000,0.000000,0.000000,-0.935055,-0.351512,0.000000
0.000000,0.000000,1.000000,1.226007,-0.050728,1.000000
1.000000,0.000000,1.000000,-0.039020,-0.088318,0.000000
1.000000,1.000000,1.000000,0.953400,-2.969007,1.000000
0.000000,0.000000,1.000000,-0.145126,3.919459,0.000000
1.000000,0.000000,0.000000,0.045672,0.902632,0.000000
1.000000,0.000000,0.000000,-0.854626,-3.209361,1.000000
0.000000,0.000000,0.000000,-1.288068,2.809924,0.000000
0.000000,0.000000,0.000000,0.130369,-0.136079,0.000000
0.000000,0.000000,1.000000,-0.394876,2.461820,0.000000
0.000000,1.000000,0.000000,0.523234,3.033663,0.000000
0.000000,0.000000,1.000000,0.944014,0.608974,0.000000
1.000000,0.000000,0.000000,-0.027883,-1.263564,1.000000
0.000000,0.000000,0.000000,-0.115478,2.309483,1.000000
0.000000,0.000000,0.000000,0.533974,-1.151073,1.000000
1.000000,1.000000,1.000000,-1.639030,0.254227,0.000000
0.000000,0.000000,0.000000,0.004895,-0.383791,0.000000
1.000000,0.000000,1.000000,-0.420084,-0.131649,0.000000
0.000000,0.000000,1.000000,-1.543974,1.888754,0.000000
1.000000,1.000000,0.000000,1.447185,2.077048,0.000000
0.000000,0.000000,0.000000,0.059865,-0.742725,0.000000
0.000000,0.000000,0.000000,-0.828229,1.365165,0.000000
0.000000,1.000000,1.000000,-1.208326,3.443288,0.000000
1.000000,1.000000,1.000000,-0.916287,-1.955923,1.000000
0.000000,0.000000,1.000000,-1.938290,0.338289,0.000000
1.000000,0.000000,0.000000,2.132238,-1.336026,1.000000
0.000000,0.000000,0.000000,-0.714392,2.545369,0.000000
0.000000,0.000000,0.000000,-1.278970,2.213824,0.000000
1.000000,1.000000,1.000000,-0.450742,1.497697,0.000000
1.000000,0.000000,0.000000,0.327602,1.415339,0.000000
0.000000,0.000000,0.000000,-2.119617,2.156821,0.000000
0.000000,0.000000,0.000000,-0.248548,0.198924,0.000000
0.000000,0.000000,0.000000,-1.365601,-1.144743,0.000000
0.000000,0.000000,0.000000,0.234005,2.596554,1.000000
1.000000,0.000000,0.000000,0.475310,-2.678173,1.000000
0.000000,0.000000,0.000000,0.790949,3.208000,0.000000
1.000000,1.000000,1.000000,0.335054,3.502054,0.000000
0.000000,0.000000,0.000000,-1.140349,2.460836,0.000000
0.000000,0.000000,1.000000,-0.385004,2.154575,1.000000
0.000000,0.000000,1.000000,-1.039372,0.583546,0.000000
0.000000,1.000000,1.000000,-0.751450,3.535208,0.000000
1.000000,1.000000,0.000000,1.482717,1.598022,0.000000
1.000000,1.000000,0.000000,2.099995,1.290140,1.000000
1.000000,0.000000,1.000000,-1.140895,2.029457,0.000000
1.000000,0.000000,0.000000,2.648873,4.844284,0.000000
1.000000,1.000000,0.000000,3.467000,-0.083306,1.000000
0.000000,0.000000,0.000000,0.016825,-0.631805,0.000000
1.000000,0.000000,0.000000,2.086278,-3.894247,1.000000
0.000000,0.000000,0.000000,-1.034847,2.634382,0.000000
0.000000,0.000000,0.000000,-0.998942,3.992590,0.000000
0.000000,0.000000,0.000000,-1.091935,3.564980,0.000000
0.000000,0.000000,0.000000,-0.039577,3.746954,0.000000
1.000000,0.000000,0.000000,1.319297,0.371534,1.000000
0.000000,0.000000,0.000000,0.231698,3.663343,0.000000
0.000000,0.000000,0.000000,0.605604,-1.090515,1.000000
0.000000,0.000000,0.000000,0.406874,-3.038218,0.000000
1.000000,0.000000,0.000000,0.114616,0.044769,1.000000
0.000000,0.000000,1.000000,-1.269708,-0.035933,0.000000
0.000000,1.000000,0.000000,1.579450,2.706380,1.000000
0.000000,0.000000,1.000000,-1.851792,-1.493134,0.000000
0.000000,1.000000,1.000000,-0.491182,0.579034,0.000000
1.000000,1.000000,0.000000,1.283773,-1.042617,1.000000
1.000000,0.000000,0.000000,0.114544,-2.598935,1.000000
1.000000,0.000000,1.000000,-1.110513,1.839913,0.000000
0.000000,1.000000,0.000000,2.184359,3.951364,0.000000
1.000000,0.000000,0.000000,0.487309,0.200914,1.000000
1.000000,0.000000,1.000000,-0.190788,-2.769184,1.000000
1.000000,1.000000,0.000000,1.380703,0.862811,1.000000
1.000000,0.000000,0.000000,-0.247727,3.497384,0.000000
0.000000,0.000000,1.000000,-1.595438,1.730040,0.000000
0.000000,0.000000,0.000000,0.172919,-0.065375,0.000000
0.000000,0.000000,0.000000,-0.202171,0.727481,0.000000
0.000000,0.000000,1.000000,-2.966546,1.519333,1.000000
0.000000,0.000000,1.000000,-1.218662,4.037647,1.000000
1.000000,1.000000,0.000000,2.027880,-0.102757,0.000000
0.000000,0.000000,1.000000,-3.317048,-0.127037,0.000000
0.000000,0.000000,0.000000,-0.866561,1.790191,0.000000
0.000000,0.000000,0.000000,0.014985,0.532543,0.000000
0.000000,0.000000,0.000000,-0.038759,3.993618,0.000000
1.000000,0.000000,0.000000,0.884664,-0.717901,0.000000
0.000000,0.000000,0.000000,-0.795444,4.402791,0.000000
0.000000,0.000000,0.000000,1.267098,3.221697,0.000000
1.000000,0.000000,1.000000,-0.885607,1.371435,0.000000
0.000000,0.000000,0.000000,-0.343405,3.169835,0.000000
1.000000,0.000000,0.000000,1.781201,1.324407,1.000000
1.000000,0.000000,0.000000,0.951804,0.610238,1.000000
0.000000,0.000000,0.000000,-1.812780,2.036718,0.000000
0.000000,0.000000,1.000000,-0.947235,1.544165,0.000000
1.000000,0.000000,0.000000,0.912115,-2.865565,1.000000
0.000000,0.000000,0.000000,-0.293218,1.033753,1.000000
1.000000,1.000000,1.000000,0.553170,2.313518,0.000000
1.000000,1.000000,0.000000,0.484178,1.988181,0.000000
0.000000,0.000000,1.000000,-2.014306,2.917670,0.000000
1.000000,1.000000,1.000000,0.169140,-0.866061,0.000000
1.000000,0.000000,1.000000,-0.144281,0.669370,0.000000
0.000000,0.000000,0.000000,0.384948,4.401327,0.000000
0.000000,0.000000,0.000000,-0.349589,-2.238360,1.000000
0.000000,0.000000,0.000000,0.372565,2.152008,0.000000
0.000000,1.000000,0.000000,0.653838,5.152226,0.000000
0.000000,0.000000,0.000000,0.055408,-1.342353,1.000000
1.000000,0.000000,0.000000,-0.445046,-2.321996,1.000000
0.000000,0.000000,0.000000,0.520545,3.332529,0.000000
0.000000,0.000000,0.000000,-1.940713,1.265558,0.000000
1.000000,0.000000,0.000000,1.831784,3.147642,0.000000
1.000000,1.000000,0.000000,1.993074,0.198546,1.000000
0.000000,0.000000,0.000000,-0.279257,0.268689,0.000000
1.000000,1.000000,1.000000,1.110729,1.263743,0.000000
0.000000,0.000000,0.000000,-1.503913,5.511010,0.000000
0.000000,0.000000,0.000000,-0.084099,2.867640,0.000000
0.000000,1.000000,1.000000,-2.410995,3.005549,0.000000
0.000000,1.000000,1.000000,0.143167,3.444351,0.000000
1.000000,0.000000,1.000000,-0.370038,1.864976,0.000000
1.000000,1.000000,0.000000,-0.797281,-0.059585,1.000000
0.000000,1.000000,0.000000,-0.897501,1.712895,0.000000
0.000000,0.000000,1.000000,-1.560163,4.177663,0.000000
1.000000,1.000000,0.000000,1.140145,0.557760,1.000000
1.000000,0.000000,0.000000,0.968230,1.899754,0.000000
0.000000,0.000000,1.000000,-1.290632,3.968452,0.000000
0.000000,0.000000,0.000000,0.086061,2.446949,0.000000
0.000000,1.000000,1.000000,-1.669306,1.553346,0.000000
0.000000,0.000000,0.000000,0.322182,-0.573221,0.000000
1.000000,1.000000,1.000000,0.738414,1.199500,0.000000
1.000000,0.000000,0.000000,0.563704,-4.170268,0.000000
0.000000,0.000000,0.000000,-1.036461,1.201027,0.000000
0.000000,0.000000,1.000000,-0.226035,0.283359,0.000000
0.000000,0.000000,0.000000,-0.255596,1.251320,0.000000
0.000000,0.000000,0.000000,-0.129089,-0.180458,0.000000
1.000000,0.000000,0.000000,1.459023,3.229186,0.000000
0.000000,0.000000,1.000000,-0.455062,3.361346,0.000000
1.000000,1.000000,0.000000,2.787694,1.491999,0.000000
0.000000,0.000000,1.000000,-1.295549,4.003733,0.000000
1.000000,0.000000,0.000000,1.264928,-2.979728,1.000000
1.000000,0.000000,0.000000,2.207754,0.787752,0.000000
0.000000,0.000000,1.000000,-1.291567,3.758398,0.000000
0.000000,0.000000,0.000000,1.433713,2.527367,1.000000
1.000000,0.000000,0.000000,-0.128819,-0.236607,1.000000
0.000000,0.000000,1.000000,-1.895621,3.527109,0.000000
0.000000,0.000000,0.000000,-0.342607,2.567610,0.000000
0.000000,0.000000,1.000000,-2.608101,4.922485,0.000000
1.000000,0.000000,0.000000,-0.705948,0.502655,1.000000
0.000000,1.000000,1.000000,-0.531042,1.258073,1.000000
1.000000,0.000000,0.000000,-0.212017,-2.142918,1.000000
0.000000,0.000000,1.000000,-2.147622,-0.786217,0.000000
0.000000,0.000000,1.000000,-2.056300,1.474170,0.000000
0.000000,0.000000,0.000000,-0.584278,0.742912,0.000000
0.000000,0.000000,1.000000,-1.166888,4.621070,0.000000
1.000000,0.000000,0.000000,3.004298,-3.315957,1.000000
1.000000,0.000000,0.000000,0.249741,-2.042345,0.000000
0.000000,0.000000,1.000000,-1.560585,-1.456692,0.000000
1.000000,0.000000,0.000000,-0.503833,0.640989,0.000000
1.000000,0.000000,0.000000,1.102830,0.256974,1.000000
1.000000,0.000000,0.000000,0.830525,-1.237198,0.000000
1.000000,0.000000,0.000000,-1.272615,-0.432333,1.000000
1.000000,0.000000,0.000000,1.024517,0.745718,0.000000
1.000000,0.000000,0.000000,-0.764012,3.887775,0.000000
0.000000,0.000000,0.000000,-0.482536,0.597684,0.000000
1.000000,0.000000,0.000000,0.557708,-0.394248,1.000000
1.000000,0.000000,0.000000,0.382440,-1.579037,0.000000
0.000000,0.000000,1.000000,0.595515,3.477277,0.000000
0.000000,0.000000,0.000000,-0.404281,0.969549,1.000000
1.000000,0.000000,1.000000,0.200619,-2.213719,1.000000
0.000000,0.000000,0.000000,-0.979490,0.311814,0.000000
1.000000,0.000000,0.000000,0.208720,-0.441534,1.000000
0.000000,0.000000,0.000000,-0.822389,0.398727,1.000000
0.000000,0.000000,0.000000,-0.837902,1.813857,0.000000
1.000000,1.000000,0.000000,1.761091,-1.638053,1.000000
0.000000,0.000000,1.000000,-0.481894,0.814156,0.000000
0.000000,0.000000,0.000000,1.247518,-0.281253,0.000000
0.000000,0.000000,0.000000,0.408982,0.759603,1.000000
0.000000,0.000000,0.000000,-0.258693,3.543893,0.000000
1.000000,0.000000,0.000000,0.400983,-0.250969,0.000000
1.000000,1.000000,0.000000,-0.729412,-2.062686,1.000000
0.000000,1.000000,0.000000,1.326402,3.938846,0.000000
0.000000,0.000000,0.000000,-1.290570,-1.953499,1.000000
0.000000,0.000000,1.000000,-2.030157,2.373017,0.000000
0.000000,0.000000,0.000000,0.563147,1.979953,1.000000
0.000000,0.000000,1.000000,-1.320553,0.657200,1.000000
0.000000,0.000000,0.000000,-0.957405,-3.097397,0.000000
0.000000,0.000000,0.000000,0.088114,1.988278,0.000000
0.000000,0.000000,1.000000,-1.292085,3.006975,0.000000
1.000000,0.000000,0.000000,1.632270,-1.225955,1.000000
0.000000,0.000000,1.000000,-2.173264,1.942578,0.000000
0.000000,0.000000,0.000000,-1.151583,2.389595,0.000000
0.000000,1.000000,0.000000,1.445504,1.230724,0.000000
1.000000,0.000000,1.000000,-0.816175,0.174996,0.000000
0.000000,0.000000,0.000000,0.660322,2.447899,0.000000
0.000000,0.000000,0.000000,-1.077995,-0.433076,1.000000
0.000000,0.000000,1.000000,-1.152335,1.180966,0.000000
1.000000,0.000000,0.000000,0.625682,1.653903,1.000000
1.000000,1.000000,0.000000,0.528072,0.013314,1.000000
0.000000,0.000000,0.000000,0.939185,1.778473,0.000000
0.000000,0.000000,0.000000,-1.059552,5.335780,0.000000
1.000000,0.000000,1.000000,-1.855082,-2.415004,1.000000
0.000000,0.000000,1.000000,-2.591133,-0.534756,0.000000
1.000000,0.000000,0.000000,0.524820,-0.707860,1.000000
1.000000,0.000000,0.000000,1.396627,-0.073609,1.000000
1.000000,1.000000,0.000000,1.337261,0.715509,1.000000
0.000000,0.000000,0.000000,0.693135,-2.461795,1.000000
1.000000,0.000000,0.000000,-0.420268,-1.469584,0.000000
1.000000,1.000000,0.000000,1.395073,3.134876,1.000000
1.000000,0.000000,0.000000,1.134015,-1.196068,1.000000
1.000000,0.000000,0.000000,1.542922,-1.884589,1.000000
0.000000,0.000000,1.000000,-1.177325,-1.248603,0.000000
1.000000,1.000000,1.000000,-0.659467,0.218128,0.000000
1.000000,0.000000,0.000000,2.617035,-0.407435,1.000000
0.000000,0.000000,0.000000,0.582851,-0.540307,0.000000
1.000000,1.000000,1.000000,0.174098,1.455596,0.000000
1.000000,0.000000,0.000000,0.158875,1.129772,0.000000
1.000000,1.000000,1.000000,1.901209,1.081444,0.000000
1.000000,0.000000,0.000000,0.723353,0.084268,0.000000
0.000000,0.000000,0.000000,-0.855700,-0.252403,0.000000
1.000000,0.000000,1.000000,-0.346432,-2.283293,1.000000
0.000000,0.000000,1.000000,-0.607958,1.355897,0.000000
1.000000,0.000000,0.000000,0.366994,0.104567,1.000000
0.000000,0.000000,1.000000,-1.197433,3.728245,0.000000
1.000000,1.000000,1.000000,-0.370649,1.580640,0.000000
0.000000,0.000000,1.000000,-1.482325,0.990135,0.000000
1.000000,0.000000,1.000000,0.331553,0.954501,1.000000
0.000000,0.000000,1.000000,-1.488509,2.044827,0.000000
0.000000,0.000000,1.000000,-1.878384,2.774939,0.000000
0.000000,0.000000,1.000000,-1.255659,2.803645,0.000000
1.000000,1.000000,1.000000,-0.886578,2.783728,0.000000
0.000000,0.000000,1.000000,-0.784358,1.757487,0.000000
1.000000,1.000000,0.000000,-0.231421,0.871366,0.000000
1.000000,1.000000,0.000000,2.275880,-1.384184,1.000000
0.000000,0.000000,0.000000,-0.492973,0.183767,0.000000
0.000000,0.000000,0.000000,0.312739,0.181838,0.000000
1.000000,0.000000,0.000000,0.095746,2.014767,0.000000
0.000000,0.000000,0.000000,-0.084726,0.695522,1.000000
1.000000,0.000000,0.000000,0.752262,1.271649,1.000000
0.000000,1.000000,1.000000,-0.500154,5.450874,0.000000
0.000000,0.000000,0.000000,-0.471883,0.869254,1.000000
1.000000,0.000000,0.000000,0.447139,-0.328705,1.000000
0.000000,0.000000,0.000000,0.686245,0.443607,0.000000
1.000000,0.000000,1.000000,1.283101,0.937951,0.000000
0.000000,0.000000,0.000000,-1.375781,1.359224,0.000000
0.000000,0.000000,0.000000,0.105920,0.974811,0.000000
0.000000,0.000000,1.000000,-1.800713,0.727352,0.000000
0.000000,1.000000,1.000000,0.466168,1.668393,1.000000
1.000000,0.000000,0.000000,1.272084,-0.321451,0.000000
0.000000,0.000000,0.000000,-0.343917,3.306356,1.000000
0.000000,0.000000,0.000000,0.821019,1.665690,0.000000
1.000000,0.000000,0.000000,1.110706,-4.975747,1.000000
1.000000,1.000000,1.000000,-0.880495,-0.663253,0.000000
0.000000,0.000000,0.000000,0.488913,4.970002,0.000000
0.000000,0.000000,0.000000,0.333621,0.997153,1.000000
1.000000,1.000000,1.000000,0.455823,1.839928,0.000000
1.000000,0.000000,0.000000,0.947039,2.323035,1.000000
1.000000,0.000000,0.000000,0.220514,2.642396,0.000000
1.000000,1.000000,0.000000,0.572936,-0.428358,0.000000
1.000000,1.000000,0.000000,1.479579,1.533676,0.000000
0.000000,0.000000,0.000000,-0.688383,5.001599,0.000000
1.000000,1.000000,1.000000,0.620527,5.190936,0.000000
0.000000,1.000000,1.000000,0.082713,3.592675,0.000000
0.000000,0.000000,0.000000,-0.436482,1.878473,0.000000
1.000000,0.000000,0.000000,0.856046,1.842843,0.000000
1.000000,1.000000,0.000000,1.811029,2.549762,1.000000
1.000000,1.000000,0.000000,1.515848,3.442706,0.000000
0.000000,0.000000,1.000000,-2.187665,1.807172,0.000000
0.000000,0.000000,1.000000,0.795245,-2.119329,1.000000
1.000000,1.000000,1.000000,1.951275,-1.419210,1.000000
0.000000,0.000000,0.000000,-1.521612,-0.780935,0.000000
1.000000,0.000000,0.000000,0.579912,0.963369,1.000000
1.000000,0.000000,1.000000,-0.996548,1.231453,0.000000
0.000000,0.000000,1.000000,-0.773422,-1.697617,0.000000
1.000000,1.000000,1.000000,0.984861,0.116455,1.000000
1.000000,1.000000,1.000000,-0.299426,2.388523,1.000000
0.000000,0.000000,0.000000,1.136289,1.084501,0.000000
1.000000,1.000000,0.000000,0.199550,0.814558,0.000000
1.000000,1.000000,0.000000,-0.106450,-0.679434,0.000000
0.000000,0.000000,0.000000,0.038013,1.019219,0.000000
1.000000,1.000000,0.000000,3.305215,-1.756331,1.000000
0.000000,0.000000,0.000000,-1.170011,1.258001,1.000000
0.000000,0.000000,0.000000,0.545270,3.661090,0.000000
0.000000,0.000000,0.000000,-2.339608,3.492364,0.000000
1.000000,1.000000,1.000000,0.502954,1.468834,0.000000
0.000000,0.000000,1.000000,-2.269921,3.783604,0.000000
1.000000,0.000000,0.000000,0.399154,1.807365,0.000000
0.000000,0.000000,0.000000,-2.787878,4.493367,0.000000
0.000000,1.000000,0.000000,0.496333,1.070229,0.000000
1.000000,1.000000,0.000000,0.157777,-0.998295,1.000000
0.000000,0.000000,0.000000,-0.337079,-0.494508,1.000000
1.000000,1.000000,0.000000,1.198865,4.004600,0.000000
0.000000,0.000000,1.000000,-0.709754,3.284572,0.000000
0.000000,0.000000,0.000000,0.129757,1.012028,1.000000
1.000000,0.000000,0.000000,-0.788075,1.765374,0.000000
1.000000,1.000000,0.000000,0.581736,2.100722,0.000000
0.000000,1.000000,0.000000,0.453460,4.296151,0.000000
1.000000,0.000000,1.000000,-0.299165,0.686491,1.000000
1.000000,1.000000,1.000000,-0.425538,-0.227641,1.000000
1.000000,0.000000,0.000000,1.032559,-0.528569,1.000000
1.000000,0.000000,0.000000,1.301616,4.848772,0.000000
0.000000,0.000000,1.000000,-3.029289,-3.358475,1.000000
1.000000,1.000000,1.000000,-0.328954,1.905886,0.000000
0.000000,1.000000,1.000000,0.794337,2.907063,0.000000
0.000000,0.000000,1.000000,-2.764507,3.944813,0.000000
1.000000,0.000000,0.000000,-0.734108,-1.959441,1.000000
0.000000,0.000000,1.000000,-0.590634,3.123660,0.000000
1.000000,0.000000,0.000000,0.538690,-0.955173,1.000000
1.000000,1.000000,0.000000,2.331829,-2.174495,1.000000
0.000000,0.000000,0.000000,-0.655043,-0.315265,0.000000
0.000000,0.000000,1.000000,-2.152667,1.964483,0.000000
0.000000,0.000000,0.000000,0.452488,1.095878,0.000000
1.000000,0.000000,1.000000,-0.500337,1.432242,1.000000
0.000000,0.000000,0.000000,0.407619,0.191985,1.000000
1.000000,0.000000,0.000000,0.736558,2.667326,0.000000
0.000000,0.000000,1.000000,-3.326304,3.689977,0.000000
1.000000,0.000000,0.000000,0.285987,3.725141,0.000000
0.000000,0.000000,0.000000,-1.309081,-0.651153,0.000000
0.000000,0.000000,0.000000,0.818027,0.567193,0.000000
0.000000,0.000000,1.000000,-1.345755,2.375281,0.000000
1.000000,0.000000,0.000000,-0.047549,-0.561979,1.000000
0.000000,0.000000,0.000000,0.955541,0.093780,0.000000
1.000000,0.000000,0.000000,1.161743,0.508292,1.000000
0.000000,0.000000,1.000000,-0.239564,-1.895980,1.000000
0.000000,0.000000,0.000000,-0.241912,2.396374,1.000000
0.000000,0.000000,0.000000,0.734885,3.510907,1.000000
0.000000,0.000000,1.000000,-2.869575,3.865139,0.000000
0.000000,0.000000,0.000000,-1.573242,3.396364,0.000000
1.000000,0.000000,0.000000,1.421939,0.727788,1.000000
0.000000,0.000000,0.000000,0.805758,1.087659,0.000000
1.000000,1.000000,1.000000,-0.264149,-0.157079,0.000000
1.000000,0.000000,0.000000,0.165401,0.954121,0.000000
0.000000,0.000000,0.000000,-0.949880,2.139264,0.000000
0.000000,0.000000,0.000000,-1.438754,0.410020,0.000000
1.000000,0.000000,0.000000,2.173066,-1.218601,1.000000
1.000000,1.000000,1.000000,-0.386897,2.669903,0.000000
0.000000,0.000000,0.000000,-0.127185,-1.133507,0.000000
0.000000,0.000000,1.000000,-1.586074,2.519793,0.000000
1.000000,0.000000,1.000000,-1.240434,2.999226,0.000000
0.000000,0.000000,0.000000,0.442598,3.660947,0.000000
1.000000,1.000000,1.000000,0.396498,-0.650050,0.000000
1.000000,0.000000,0.000000,0.330538,4.253974,0.000000
1.000000,0.000000,0.000000,-0.431463,3.450171,0.000000
1.000000,0.000000,0.000000,1.190686,2.353510,1.000000
0.000000,0.000000,0.000000,1.782751,0.141172,0.000000
1.000000,1.000000,1.000000,0.076582,-2.430194,0.000000
1.000000,0.000000,0.000000,2.152500,0.349428,1.000000
1.000000,0.000000,0.000000,-1.122132,-0.326156,1.000000
1.000000,0.000000,0.000000,0.094642,-0.208238,0.000000
0.000000,0.000000,0.000000,-1.798454,4.604111,0.000000
1.000000,0.000000,0.000000,-0.863303,0.004545,1.000000
0.000000,0.000000,0.000000,0.654770,2.869143,0.000000
1.000000,0.000000,0.000000,1.748028,-1.454025,1.000000
0.000000,0.000000,1.000000,-1.640354,5.101875,0.000000
0.000000,0.000000,1.000000,-1.616131,2.710882,0.000000
1.000000,0.000000,1.000000,0.065070,-0.472784,1.000000
1.000000,1.000000,1.000000,0.249701,0.179700,0.000000
1.000000,1.000000,1.000000,-0.435540,1.228338,0.000000
1.000000,0.000000,1.000000,0.689838,2.458282,0.000000
0.000000,0.000000,0.000000,0.746191,2.906866,0.000000
0.000000,0.000000,0.000000,-0.711843,0.169179,0.000000
0.000000,1.000000,1.000000,0.224383,0.929547,0.000000
0.000000,0.000000,0.000000,-0.537973,3.523273,0.000000
0.000000,0.000000,0.000000,1.054583,2.619355,0.000000
0.000000,0.000000,0.000000,-0.078652,1.970033,0.000000
0.000000,0.000000,0.000000,0.115765,1.369401,0.000000
0.000000,0.000000,0.000000,0.229219,1.483031,0.000000
1.000000,0.000000,0.000000,0.321568,0.861063,1.000000
0.000000,0.000000,1.000000,-1.406503,2.568717,1.000000
0.000000,0.000000,0.000000,0.463592,3.924938,0.000000
0.000000,0.000000,0.000000,0.133764,1.858925,0.000000
1.000000,1.000000,0.000000,2.439556,1.624777,1.000000
1.000000,0.000000,0.000000,1.122471,-2.234974,1.000000
1.000000,1.000000,0.000000,1.687776,1.280656,1.000000
0.000000,0.000000,0.000000,-0.085316,6.355242,0.000000
0.000000,0.000000,0.000000,-1.688463,-0.966032,1.000000
0.000000,1.000000,0.000000,1.264620,7.053331,0.000000
0.000000,0.000000,1.000000,-2.644437,5.523456,0.000000
0.000000,0.000000,0.000000,0.801612,3.169510,1.000000
1.000000,0.000000,1.000000,-0.305207,-0.091092,0.000000
0.000000,0.000000,1.000000,-1.968336,0.136557,0.000000
0.000000,1.000000,1.000000,-0.777054,3.943119,0.000000
1.000000,0.000000,0.000000,1.121408,3.182166,1.000000
1.000000,0.000000,0.000000,0.881525,-0.098005,0.000000
0.000000,0.000000,0.000000,-0.002609,4.896632,0.000000
0.000000,1.000000,1.000000,0.492568,1.743201,0.000000
0.000000,0.000000,1.000000,-0.281496,5.102635,0.000000
1.000000,0.000000,0.000000,0.702062,-2.579520,1.000000
0.000000,1.000000,0.000000,0.012408,-0.731320,0.000000
1.000000,1.000000,0.000000,1.860886,3.411774,0.000000
0.000000,0.000000,0.000000,0.495638,3.204071,1.000000
0.000000,0.000000,0.000000,0.624178,1.637596,1.000000
1.000000,0.000000,0.000000,0.626596,-4.069074,1.000000
0.000000,0.000000,0.000000,-1.812191,1.868285,0.000000
0.000000,0.000000,0.000000,-1.356667,3.935611,0.000000
1.000000,1.000000,0.000000,1.618725,2.455662,0.000000
1.000000,1.000000,1.000000,-0.430901,1.990478,0.000000
1.000000,0.000000,0.000000,1.727111,-0.753222,0.000000
0.000000,0.000000,0.000000,-1.561263,1.918807,0.000000
0.000000,0.000000,1.000000,-1.290262,-1.537064,0.000000
0.000000,0.000000,1.000000,-1.773780,3.823494,0.000000
0.000000,0.000000,0.000000,-0.289127,-0.200705,1.000000
0.000000,0.000000,0.000000,-0.235190,2.486512,0.000000
1.000000,1.000000,0.000000,0.201649,0.766704,1.000000
1.000000,1.000000,1.000000,0.702269,0.186571,0.000000
0.000000,0.000000,0.000000,-1.197045,5.246570,0.000000
0.000000,0.000000,1.000000,-1.645315,3.018126,0.000000
0.000000,0.000000,0.000000,-1.426479,5.362329,0.000000
0.000000,0.000000,1.000000,-1.438593,0.172551,0.000000
1.000000,1.000000,0.000000,0.763561,0.399056,0.000000
0.000000,0.000000,0.000000,0.983238,1.838843,0.000000
0.000000,0.000000,0.000000,-2.188558,1.378387,1.000000
1.000000,0.000000,0.000000,1.030681,-0.476758,1.000000
1.000000,0.000000,1.000000,1.900342,-1.760289,1.000000
1.000000,1.000000,1.000000,-0.536623,-0.027311,1.000000
1.000000,1.000000,0.000000,0.398300,1.773338,0.000000
0.000000,0.000000,1.000000,-1.004164,-3.056412,1.000000
0.000000,0.000000,1.000000,-1.134491,-1.864548,0.000000
0.000000,0.000000,0.000000,-0.707724,2.114168,0.000000
0.000000,0.000000,0.000000,0.079856,1.925716,0.000000
0.000000,0.000000,0.000000,1.532292,2.434138,0.000000
1.000000,0.000000,0.000000,-1.485284,2.371059,0.000000
1.000000,0.000000,1.000000,-1.981417,0.814869,0.000000
0.000000,0.000000,1.000000,-1.801762,2.336871,0.000000
0.000000,1.000000,1.000000,0.214764,0.302346,0.000000
0.000000,0.000000,0.000000,-0.720672,0.371610,0.000000
1.000000,0.000000,0.000000,0.381709,0.883535,0.000000
1.000000,1.000000,1.000000,0.392079,2.729804,0.000000
1.000000,1.000000,0.000000,2.274001,1.679159,1.000000
1.000000,1.000000,0.000000,1.298750,-1.240530,1.000000
0.000000,0.000000,0.000000,0.587036,1.971130,0.000000
0.000000,0.000000,0.000000,-0.151577,0.522147,0.000000
1.000000,0.000000,0.000000,0.317536,0.781267,0.000000
0.000000,0.000000,0.000000,-0.899535,0.403691,0.000000
1.000000,0.000000,0.000000,0.890360,1.710803,1.000000
1.000000,0.000000,1.000000,-0.674927,3.232993,1.000000
0.000000,0.000000,0.000000,0.222984,-2.741322,1.000000
0.000000,0.000000,0.000000,-1.839010,2.414833,1.000000
0.000000,0.000000,0.000000,0.099677,1.066388,0.000000
0.000000,0.000000,0.000000,-0.495643,1.175516,0.000000
1.000000,0.000000,0.000000,-1.021871,0.309311,0.000000
0.000000,0.000000,0.000000,-0.570779,1.203750,0.000000
1.000000,0.000000,0.000000,-0.342731,-1.657331,1.000000
0.000000,0.000000,0.000000,0.241963,0.170416,0.000000
0.000000,0.000000,0.000000,0.016200,3.515428,0.000000
1.000000,1.000000,0.000000,2.319300,-0.580699,1.000000
1.000000,0.000000,0.000000,1.157139,-0.204677,0.000000
1.000000,0.000000,1.000000,-0.447376,4.955741,0.000000
1.000000,0.000000,1.000000,0.024769,2.802372,0.000000
1.000000,1.000000,1.000000,0.905294,1.380363,0.000000
1.000000,0.000000,0.000000,-1.006567,0.850751,1.000000
0.000000,0.000000,0.000000,0.354807,0.215749,0.000000
0.000000,0.000000,1.000000,-1.838926,2.691568,0.000000
1.000000,1.000000,1.000000,-0.635432,2.174101,0.000000
1.000000,1.000000,1.000000,0.459745,0.746571,0.000000
1.000000,0.000000,0.000000,1.504904,-0.874773,1.000000
1.000000,1.000000,1.000000,-1.304876,1.294377,1.000000
1.000000,0.000000,0.000000,-0.203905,1.817356,1.000000
1.000000,0.000000,0.000000,1.437702,-2.212150,1.000000
0.000000,0.000000,0.000000,-0.718535,-0.221513,0.000000
0.000000,0.000000,0.000000,-0.435173,2.001813,0.000000
1.000000,0.000000,0.000000,1.905948,1.124839,0.000000
0.000000,0.000000,1.000000,-2.408815,5.111884,0.000000
0.000000,0.000000,0.000000,0.234571,2.319107,0.000000
1.000000,0.000000,0.000000,0.879597,-1.962487,1.000000
1.000000,1.000000,0.000000,1.577484,-1.038268,1.000000
1.000000,0.000000,0.000000,0.681350,0.311998,0.000000
0.000000,0.000000,0.000000,0.774714,1.660888,1.000000
1.000000,1.000000,0.000000,2.234920,0.994927,0.000000
0.000000,0.000000,0.000000,-1.570587,0.951119,0.000000
0.000000,0.000000,0.000000,-0.069278,-0.162480,1.000000
1.000000,0.000000,1.000000,-0.641486,0.152397,1.000000
0.000000,0.000000,1.000000,-1.991227,2.355696,0.000000
0.000000,0.000000,0.000000,-0.905077,-0.593349,0.000000
0.000000,0.000000,1.000000,-1.478367,-0.496734,0.000000
0.000000,0.000000,1.000000,-2.094579,2.320001,0.000000
0.000000,0.000000,0.000000,-0.513131,-0.032506,1.000000
1.000000,0.000000,0.000000,0.895096,-0.091187,1.000000
0.000000,0.000000,0.000000,-1.645170,2.467044,0.000000
1.000000,0.000000,0.000000,1.230253,2.823985,1.000000
0.000000,0.000000,0.000000,-0.504547,3.897027,0.000000
0.000000,0.000000,0.000000,-0.835977,1.983899,0.000000
1.000000,0.000000,0.000000,-0.321173,1.189747,1.000000
0.000000,0.000000,0.000000,0.344957,-1.173254,0.000000
0.000000,0.000000,0.000000,-0.029301,0.152641,0.000000
1.000000,1.000000,0.000000,2.247863,-1.816844,1.000000
1.000000,0.000000,0.000000,-1.012574,1.041196,1.000000
0.000000,0.000000,0.000000,0.384927,0.645713,1.000000
1.000000,0.000000,1.000000,-1.181938,0.831370,1.000000
0.000000,1.000000,0.000000,-0.290902,2.001843,0.000000
0.000000,0.000000,0.000000,-0.362178,-0.402580,1.000000
0.000000,0.000000,0.000000,-0.117903,2.833198,0.000000
0.000000,0.000000,0.000000,-1.608757,0.720542,0.000000
0.000000,0.000000,1.000000,-0.616569,2.460408,1.000000
1.000000,0.000000,0.000000,0.671898,3.110975,1.000000
1.000000,0.000000,0.000000,1.022623,-0.875545,1.000000
0.000000,0.000000,0.000000,1.153409,-1.160257,1.000000
1.000000,1.000000,1.000000,-1.202930,-0.414056,0.000000
0.000000,0.000000,1.000000,-1.008145,1.836388,0.000000
1.000000,0.000000,1.000000,-0.903028,0.583572,1.000000
0.000000,0.000000,0.000000,-1.339394,-0.865526,0.000000
0.000000,0.000000,0.000000,-0.288198,-0.223835,0.000000
1.000000,0.000000,1.000000,-1.371588,0.778942,0.000000
0.000000,0.000000,0.000000,-2.595565,3.849539,0.000000
0.000000,0.000000,0.000000,0.057463,2.042570,0.000000
0.000000,0.000000,0.000000,-0.064456,2.430088,0.000000
0.000000,0.000000,0.000000,-1.223769,4.341590,0.000000
1.000000,0.000000,0.000000,0.251777,0.498856,1.000000
1.000000,0.000000,0.000000,0.624430,-2.351308,1.000000
0.000000,0.000000,1.000000,-1.651994,0.601349,0.000000
0.000000,0.000000,1.000000,-0.645500,2.981374,0.000000
1.000000,1.000000,0.000000,1.097792,0.321737,1.000000
0.000000,0.000000,0.000000,-0.637211,0.830186,0.000000
0.000000,0.000000,0.000000,-1.508313,-1.390358,0.000000
1.000000,1.000000,0.000000,-0.384254,0.202590,0.000000
1.000000,0.000000,0.000000,0.555508,1.409945,0.000000
0.000000,0.000000,0.000000,-1.815647,4.377230,0.000000
1.000000,0.000000,1.000000,-1.248954,-1.170789,1.000000
1.000000,0.000000,1.000000,0.533749,-2.967241,1.000000
0.000000,0.000000,1.000000,-1.433120,-0.556116,0.000000
1.000000,1.000000,1.000000,0.114709,4.376536,1.000000
1.000000,0.000000,0.000000,0.058764,-2.861333,1.000000
0.000000,0.000000,1.000000,-1.666301,2.851764,0.000000
1.000000,0.000000,0.000000,0.977576,2.232168,0.000000
1.000000,0.000000,0.000000,0.346267,-1.339524,1.000000
0.000000,1.000000,1.000000,-0.698826,-1.511121,0.000000
1.000000,0.000000,1.000000,0.327610,-1.444880,1.000000
1.000000,0.000000,0.000000,1.341496,2.315538,0.000000
1.000000,0.000000,0.000000,0.635443,-0.203128,1.000000
0.000000,0.000000,0.000000,0.139156,1.568907,1.000000
1.000000,0.000000,0.000000,0.197016,1.193359,1.000000
0.000000,0.000000,0.000000,-0.561866,4.618367,0.000000
0.000000,1.000000,1.000000,0.092050,3.911191,0.000000
0.000000,0.000000,0.000000,-0.580524,1.888085,0.000000
1.000000,0.000000,1.000000,-0.506381,2.536858,1.000000
0.000000,0.000000,1.000000,-0.679113,3.025447,0.000000
0.000000,0.000000,0.000000,0.731867,2.721548,0.000000
0.000000,0.000000,0.000000,0.875786,0.811524,1.000000
1.000000,0.000000,0.000000,0.239571,-1.345672,0.000000
1.000000,0.000000,1.000000,0.849383,-1.297424,1.000000
1.000000,0.000000,1.000000,-0.482863,2.301211,0.000000
1.000000,0.000000,0.000000,0.845695,-0.332693,0.000000
0.000000,0.000000,0.000000,0.530179,1.312037,0.000000
0.000000,1.000000,0.000000,-0.001341,2.015096,1.000000
1.000000,1.000000,1.000000,1.120202,-1.051041,1.000000
1.000000,1.000000,0.000000,1.027519,0.986411,1.000000
0.000000,0.000000,1.000000,-1.140705,2.188677,0.000000
1.000000,0.000000,0.000000,0.273952,0.393441,1.000000
0.000000,0.000000,1.000000,-0.539907,0.164581,0.000000
0.000000,0.000000,1.000000,-1.485441,1.635422,0.000000
0.000000,0.000000,1.000000,-3.350211,-3.148903,0.000000
1.000000,0.000000,0.000000,-0.706047,-2.103293,1.000000
0.000000,0.000000,1.000000,0.292296,3.241582,0.000000
0.000000,0.000000,0.000000,-0.707553,5.836792,0.000000
0.000000,0.000000,0.000000,-1.660415,2.532798,0.000000
1.000000,0.000000,0.000000,-0.355926,0.624037,0.000000
0.000000,0.000000,1.000000,-1.471423,-1.202076,0.000000
1.000000,0.000000,0.000000,2.242870,1.911076,0.000000
1.000000,0.000000,0.000000,0.198002,0.580206,0.000000
1.000000,0.000000,0.000000,1.285140,0.462406,1.000000
1.000000,1.000000,0.000000,0.218597,0.079817,1.000000
0.000000,0.000000,0.000000,0.595223,-0.075394,0.000000
1.000000,0.000000,0.000000,0.351023,0.882422,0.000000
0.000000,0.000000,0.000000,-0.873993,-0.778212,0.000000
1.000000,0.000000,0.000000,0.371058,-3.070145,1.000000
1.000000,0.000000,1.000000,-2.391800,-1.769384,0.000000
1.000000,0.000000,0.000000,-0.087811,0.138069,1.000000
1.000000,0.000000,0.000000,-0.574865,0.191153,0.000000
0.000000,0.000000,0.000000,-0.352886,1.263041,0.000000
0.000000,0.000000,0.000000,0.197102,-0.752908,1.000000
0.000000,0.000000,1.000000,-2.812838,2.542071,0.000000
1.000000,0.000000,0.000000,0.935177,0.234932,1.000000
1.000000,1.000000,1.000000,2.411211,2.195238,1.000000
1.000000,0.000000,0.000000,1.346570,-0.542672,1.000000
1.000000,1.000000,1.000000,-2.047043,1.188851,0.000000
0.000000,0.000000,0.000000,-0.462426,3.238198,0.000000
1.000000,0.000000,0.000000,0.580572,-1.396672,1.000000
0.000000,0.000000,0.000000,-0.802823,1.837771,0.000000
1.000000,1.000000,0.000000,2.376941,1.845560,0.000000
1.000000,1.000000,0.000000,1.590880,3.752042,0.000000
0.000000,0.000000,0.000000,-0.051384,-0.453177,0.000000
1.000000,1.000000,0.000000,-0.806859,1.560219,0.000000
0.000000,0.000000,0.000000,-1.611532,2.685599,0.000000
0.000000,0.000000,1.000000,-1.518901,0.628169,0.000000
1.000000,1.000000,0.000000,1.202139,0.117278,0.000000
0.000000,0.000000,1.000000,-1.059910,4.888586,0.000000
1.000000,0.000000,0.000000,-0.343723,-2.015188,1.000000
1.000000,1.000000,1.000000,-1.080030,3.734613,0.000000
0.000000,1.000000,1.000000,-0.593928,8.002266,0.000000
0.000000,0.000000,1.000000,-2.711674,4.377863,0.000000
0.000000,0.000000,1.000000,-1.931534,1.354579,0.000000
0.000000,0.000000,0.000000,-1.087907,1.836735,0.000000
1.000000,0.000000,0.000000,0.884384,0.978325,0.000000
0.000000,0.000000,0.000000,-1.083042,-1.387600,1.000000
0.000000,0.000000,0.000000,0.190416,1.104418,0.000000
0.000000,1.000000,1.000000,-0.646321,1.487481,0.000000
1.000000,0.000000,0.000000,0.245320,0.187376,1.000000
0.000000,0.000000,0.000000,-0.273148,-2.178041,1.000000
1.000000,0.000000,0.000000,1.559738,0.227053,1.000000
0.000000,0.000000,0.000000,0.002684,-0.777426,1.000000
0.000000,0.000000,0.000000,0.819993,-1.133110,1.000000
0.000000,0.000000,0.000000,0.113680,3.713867,0.000000
1.000000,0.000000,0.000000,1.563478,-0.434226,1.000000
0.000000,0.000000,0.000000,0.282044,1.026729,0.000000
0.000000,0.000000,0.000000,-0.985127,2.486230,0.000000
1.000000,0.000000,0.000000,0.625506,2.275119,0.000000
0.000000,0.000000,0.000000,-0.555622,-1.535186,0.000000
0.000000,0.000000,1.000000,-3.018727,5.373983,0.000000
0.000000,0.000000,0.000000,0.088661,3.288355,1.000000
0.000000,0.000000,0.000000,2.032794,3.197273,0.000000
0.000000,0.000000,0.000000,0.338588,0.586348,0.000000
1.000000,1.000000,0.000000,1.081906,0.312167,0.000000
0.000000,0.000000,1.000000,-0.921249,3.297672,0.000000
1.000000,0.000000,1.000000,-2.223720,2.143651,0.000000
0.000000,0.000000,1.000000,-0.588191,2.018790,0.000000
1.000000,0.000000,0.000000,0.819403,-2.707232,1.000000
0.000000,0.000000,0.000000,-1.266182,0.075466,0.000000
1.000000,0.000000,0.000000,-0.308960,2.049780,0.000000
0.000000,0.000000,1.000000,-2.423673,3.148043,0.000000
0.000000,0.000000,0.000000,-1.365642,-0.869012,0.000000
0.000000,0.000000,1.000000,-2.366433,3.378368,0.000000
1.000000,0.000000,0.000000,0.528278,-1.026853,1.000000
0.000000,0.000000,0.000000,1.426006,-0.566802,0.000000
1.000000,1.000000,1.000000,-0.027315,2.186367,0.000000
0.000000,1.000000,1.000000,1.207767,0.796431,1.000000
1.000000,0.000000,0.000000,1.965604,-0.122606,1.000000
0.000000,0.000000,0.000000,-1.035800,-1.626663,0.000000
0.000000,0.000000,0.000000,-0.140198,2.650738,0.000000
0.000000,0.000000,0.000000,-1.816452,0.157088,0.000000
0.000000,0.000000,1.000000,-2.306409,3.495793,0.000000
0.000000,0.000000,1.000000,-2.239680,5.869529,0.000000
0.000000,0.000000,1.000000,-0.991970,-1.456681,1.000000
1.000000,0.000000,0.000000,-2.006389,0.432388,1.000000
0.000000,0.000000,0.000000,-0.823065,-0.186396,0.000000
1.000000,1.000000,0.000000,2.474912,0.779178,1.000000
0.000000,0.000000,1.000000,-0.917222,2.617783,0.000000
1.000000,0.000000,1.000000,-1.215048,-1.144052,1.000000
0.000000,0.000000,0.000000,-0.299878,-0.595559,1.000000
0.000000,0.000000,0.000000,0.100830,-2.438588,1.000000
1.000000,1.000000,0.000000,1.270544,2.663371,0.000000
1.000000,0.000000,0.000000,-0.309649,-0.952927,0.000000
0.000000,0.000000,0.000000,0.877755,-0.259251,0.000000
1.000000,0.000000,1.000000,-0.234028,1.902167,0.000000
0.000000,0.000000,0.000000,-0.950137,4.966126,0.000000
1.000000,0.000000,0.000000,1.113571,0.910279,1.000000
0.000000,0.000000,0.000000,0.039183,1.049657,0.000000
1.000000,0.000000,0.000000,1.538031,1.593485,0.000000
0.000000,0.000000,0.000000,-0.188867,0.611300,1.000000
0.000000,0.000000,0.000000,0.513993,1.138456,0.000000
0.000000,0.000000,0.000000,0.138677,1.292035,1.000000
1.000000,0.000000,0.000000,0.779790,-0.447703,1.000000
0.000000,0.000000,0.000000,1.129224,-1.732581,1.000000
1.000000,0.000000,0.000000,1.018334,4.163100,0.000000
0.000000,0.000000,1.000000,-3.133052,4.022952,0.000000
0.000000,1.000000,1.000000,-0.744867,3.497098,0.000000
1.000000,0.000000,0.000000,1.690935,-2.083452,1.000000
1.000000,0.000000,0.000000,0.736110,0.561066,1.000000
0.000000,0.000000,0.000000,-0.220296,1.123511,0.000000
0.000000,0.000000,0.000000,-1.172075,0.462313,0.000000
0.000000,0.000000,1.000000,-2.554147,7.334453,0.000000
1.000000,0.000000,0.000000,1.942761,5.430726,0.000000
0.000000,0.000000,0.000000,-0.471522,3.729871,0.000000
0.000000,0.000000,1.000000,-1.375525,2.703274,0.000000
0.000000,0.000000,0.000000,-0.615162,1.398042,0.000000
1.000000,1.000000,1.000000,-0.371570,1.812727,1.000000
0.000000,0.000000,0.000000,-1.134203,-1.684313,1.000000
0.000000,0.000000,0.000000,-0.222601,0.974846,1.000000
1.000000,0.000000,0.000000,-2.264662,3.675299,0.000000
1.000000,1.000000,0.000000,2.434514,0.629228,0.000000
1.000000,1.000000,1.000000,0.286943,-2.511194,1.000000
1.000000,0.000000,1.000000,-0.166633,0.341279,0.000000
0.000000,0.000000,0.000000,-0.188336,2.537843,0.000000
0.000000,0.000000,0.000000,-0.703320,0.164694,0.000000
1.000000,1.000000,0.000000,2.795758,-1.290471,1.000000
0.000000,1.000000,0.000000,1.701311,-0.889995,1.000000
0.000000,0.000000,1.000000,0.824671,2.744686,0.000000
1.000000,1.000000,0.000000,0.769615,1.494507,0.000000
1.000000,1.000000,0.000000,0.604911,0.920357,1.000000
1.000000,0.000000,0.000000,-0.540234,3.641255,0.000000
0.000000,0.000000,0.000000,-1.928593,2.861796,0.000000
0.000000,1.000000,0.000000,-0.349363,2.882443,0.000000
1.000000,0.000000,1.000000,0.196804,1.163360,0.000000
0.000000,1.000000,1.000000,0.215764,-0.954957,1.000000
1.000000,0.000000,0.000000,-0.134746,1.033034,0.000000
0.000000,0.000000,0.000000,-0.231370,4.208408,0.000000
0.000000,0.000000,1.000000,1.251804,3.475362,0.000000
0.000000,0.000000,1.000000,-1.596995,1.997205,0.000000
0.000000,0.000000,0.000000,-0.862356,1.909003,0.000000
1.000000,0.000000,1.000000,0.020508,-2.523108,1.000000
0.000000,0.000000,0.000000,-0.892049,4.632079,0.000000
0.000000,0.000000,1.000000,-1.533207,3.110088,0.000000
0.000000,0.000000,0.000000,0.324039,-0.514128,0.000000
0.000000,0.000000,1.000000,-2.536947,3.887945,0.000000
1.000000,0.000000,0.000000,2.490645,1.173888,0.000000
1.000000,0.000000,0.000000,-0.745025,-0.325799,1.000000
0.000000,0.000000,0.000000,-0.256956,2.266223,1.000000
0.000000,0.000000,0.000000,0.085485,4.213437,0.000000
1.000000,1.000000,1.000000,0.308503,-1.428037,1.000000
0.000000,0.000000,0.000000,0.026552,-0.723514,1.000000
0.000000,0.000000,0.000000,0.222691,-1.871285,1.000000
0.000000,0.000000,0.000000,-0.618773,2.696811,0.000000
0.000000,0.000000,1.000000,-2.245413,1.195977,0.000000
0.000000,0.000000,0.000000,0.238263,1.290799,0.000000
1.000000,1.000000,0.000000,2.714697,-0.173230,1.000000
1.000000,0.000000,0.000000,1.596459,2.639479,0.000000
0.000000,0.000000,1.000000,-2.932741,1.766407,0.000000
0.000000,0.000000,0.000000,-0.326899,-1.021957,1.000000
1.000000,1.000000,0.000000,2.101146,-1.830976,1.000000
0.000000,0.000000,0.000000,-1.834966,-0.240617,0.000000
0.000000,0.000000,0.000000,0.460407,2.080001,0.000000
1.000000,1.000000,0.000000,1.109601,1.322438,1.000000
0.000000,0.000000,0.000000,-0.738153,1.301801,0.000000
1.000000,0.000000,1.000000,-0.174010,1.551279,0.000000
1.000000,0.000000,0.000000,0.444735,-2.460632,1.000000
0.000000,0.000000,1.000000,-0.918658,1.391022,0.000000
1.000000,0.000000,0.000000,0.276849,1.949467,0.000000
0.000000,0.000000,0.000000,-0.886283,0.616244,0.000000
0.000000,0.000000,0.000000,-0.916099,4.245500,0.000000
1.000000,0.000000,1.000000,-0.730918,0.945378,1.000000
0.000000,0.000000,0.000000,-2.361148,1.079175,0.000000
1.000000,0.000000,1.000000,-0.389035,2.618071,0.000000
0.000000,0.000000,0.000000,-0.283181,-1.373024,0.000000
1.000000,0.000000,1.000000,-0.906904,3.782548,0.000000
0.000000,0.000000,1.000000,-1.055497,-0.055627,0.000000
0.000000,0.000000,0.000000,0.790076,-0.708228,0.000000
1.000000,0.000000,0.000000,-0.536223,-1.535814,0.000000
1.000000,0.000000,0.000000,0.673183,-1.133546,1.000000
0.000000,0.000000,0.000000,-0.348549,1.700905,1.000000
0.000000,0.000000,1.000000,-0.561253,2.493393,0.000000
0.000000,1.000000,1.000000,0.664400,0.832458,0.000000
0.000000,0.000000,0.000000,0.387052,1.504145,0.000000
1.000000,0.000000,0.000000,1.641768,-3.800120,1.000000
0.000000,0.000000,1.000000,-1.292890,3.130178,0.000000
1.000000,1.000000,1.000000,1.067399,1.370118,0.000000
1.000000,0.000000,1.000000,-0.693666,1.888936,1.000000
1.000000,0.000000,0.000000,0.580874,1.844774,0.000000
0.000000,0.000000,1.000000,-1.058993,1.914540,0.000000
1.000000,0.000000,0.000000,-1.444428,0.153363,0.000000
0.000000,0.000000,1.000000,-1.424428,4.560698,0.000000
0.000000,0.000000,1.000000,-2.027846,5.280303,0.000000
1.000000,0.000000,0.000000,-0.656689,-0.591288,1.000000
1.000000,0.000000,1.000000,-0.528934,0.155660,0.000000
0.000000,0.000000,1.000000,-1.305469,-1.402288,0.000000
0.000000,0.000000,1.000000,-1.760685,3.850268,0.000000
0.000000,1.000000,1.000000,-1.104578,3.146759,0.000000
1.000000,0.000000,0.000000,0.293883,3.623900,0.000000
1.000000,0.000000,0.000000,0.116052,0.753383,0.000000
1.000000,0.000000,0.000000,0.928781,0.684423,0.000000
0.000000,0.000000,0.000000,-0.733190,-0.071537,1.000000
0.000000,0.000000,0.000000,-0.382173,1.457847,0.000000
1.000000,1.000000,0.000000,2.562947,4.404659,0.000000
0.000000,0.000000,0.000000,-0.262069,2.949656,1.000000
1.000000,0.000000,0.000000,1.359121,0.871856,0.000000
0.000000,0.000000,0.000000,-0.649924,3.100725,0.000000
0.000000,0.000000,0.000000,0.647820,2.020854,0.000000
1.000000,1.000000,1.000000,3.155033,-2.021439,1.000000
0.000000,0.000000,0.000000,-1.953320,1.632692,0.000000
1.000000,1.000000,1.000000,0.223834,0.864563,0.000000
1.000000,0.000000,1.000000,-0.520894,-1.781874,1.000000
0.000000,1.000000,1.000000,1.141276,3.610856,0.000000
1.000000,0.000000,0.000000,0.828954,1.287985,0.000000
1.000000,1.000000,1.000000,-0.276827,3.890604,0.000000
0.000000,0.000000,1.000000,-2.354606,3.934600,0.000000
1.000000,0.000000,0.000000,-0.384227,-3.163937,1.000000
0.000000,0.000000,0.000000,0.426016,-1.561938,0.000000
0.000000,0.000000,1.000000,-0.369455,1.564720,0.000000
1.000000,0.000000,0.000000,1.377576,1.256664,1.000000
1.000000,0.000000,0.000000,1.161922,-1.315036,1.000000
0.000000,0.000000,0.000000,-0.076377,1.304571,0.000000
1.000000,1.000000,0.000000,0.245563,-1.596423,1.000000
0.000000,0.000000,0.000000,0.736584,0.213367,0.000000
0.000000,0.000000,1.000000,-1.641472,1.471532,0.000000
1.000000,0.000000,1.000000,-1.515443,-0.287654,1.000000
1.000000,0.000000,0.000000,0.333209,0.447646,1.000000
1.000000,0.000000,0.000000,0.548647,2.115287,1.000000
0.000000,0.000000,1.000000,-2.533923,0.343036,0.000000
0.000000,0.000000,0.000000,-0.827748,-1.101531,1.000000
0.000000,0.000000,1.000000,-2.155566,1.879732,0.000000
1.000000,0.000000,1.000000,-0.379234,-3.660546,1.000000
0.000000,0.000000,0.000000,0.048996,2.873608,0.000000
0.000000,0.000000,0.000000,0.097586,-0.229775,0.000000
0.000000,0.000000,1.000000,-2.202019,4.924487,0.000000
1.000000,1.000000,0.000000,0.657983,0.182768,1.000000
1.000000,0.000000,0.000000,0.758141,-0.796705,1.000000
1.000000,0.000000,0.000000,0.094217,1.128519,1.000000
1.000000,0.000000,1.000000,-3.294778,-1.021812,0.000000
0.000000,0.000000,0.000000,0.062650,4.110795,0.000000
0.000000,1.000000,1.000000,-0.641813,0.188090,0.000000
1.000000,0.000000,0.000000,0.056773,0.723298,1.000000
1.000000,0.000000,1.000000,-1.765205,-0.182780,1.000000
1.000000,1.000000,0.000000,1.558590,0.995300,0.000000
1.000000,0.000000,0.000000,0.609026,4.771244,0.000000
1.000000,0.000000,0.000000,1.668382,1.380226,0.000000
0.000000,0.000000,0.000000,0.193774,4.118042,0.000000
0.000000,0.000000,0.000000,-1.039260,3.518969,0.000000
0.000000,0.000000,0.000000,-0.200910,3.404429,0.000000
0.000000,0.000000,0.000000,-0.523548,3.432524,0.000000
1.000000,1.000000,1.000000,-0.412837,0.808202,0.000000
1.000000,1.000000,0.000000,1.987225,1.875618,1.000000
1.000000,1.000000,1.000000,-0.260824,4.319941,0.000000
1.000000,0.000000,0.000000,0.282804,-1.151513,1.000000
1.000000,0.000000,1.000000,0.541412,1.008576,0.000000
0.000000,0.000000,0.000000,-0.460798,4.038179,0.000000
0.000000,0.000000,0.000000,-1.252654,-0.939445,0.000000
0.000000,0.000000,0.000000,-2.114404,-0.416793,0.000000
0.000000,0.000000,1.000000,-1.329048,3.639438,0.000000
0.000000,0.000000,0.000000,0.607975,1.022680,0.000000
1.000000,0.000000,0.000000,1.626524,0.322280,1.000000
1.000000,0.000000,0.000000,1.339312,-0.149129,1.000000
1.000000,1.000000,0.000000,0.646774,-0.815508,1.000000
1.000000,0.000000,0.000000,0.881761,-1.384597,1.000000
1.000000,0.000000,1.000000,-1.125952,0.003067,1.000000
0.000000,0.000000,0.000000,-0.575697,0.138705,0.000000
1.000000,0.000000,0.000000,1.282780,-2.461216,1.000000
1.000000,0.000000,0.000000,0.048354,0.731988,0.000000
1.000000,1.000000,1.000000,-0.006055,-0.653773,1.000000
1.000000,1.000000,1.000000,2.765541,2.806086,1.000000
1.000000,1.000000,0.000000,1.942448,4.083735,0.000000
1.000000,0.000000,0.000000,0.890400,-1.620500,1.000000
1.000000,0.000000,1.000000,-1.884277,3.182989,0.000000
0.000000,0.000000,1.000000,-0.370647,0.752523,0.000000
1.000000,0.000000,0.000000,0.745196,1.608960,0.000000
0.000000,0.000000,0.000000,-0.308703,0.090540,0.000000
0.000000,0.000000,0.000000,0.672646,0.036387,0.000000
1.000000,0.000000,0.000000,0.981464,-0.780559,1.000000
0.000000,0.000000,1.000000,-1.742043,0.268601,1.000000
0.000000,0.000000,0.000000,0.377762,1.517850,0.000000
1.000000,0.000000,0.000000,1.863994,1.967910,1.000000
1.000000,0.000000,0.000000,1.729642,-1.354062,1.000000
1.000000,0.000000,0.000000,0.606939,-0.667245,1.000000
1.000000,0.000000,0.000000,-0.219630,-0.585708,0.000000
0.000000,0.000000,0.000000,0.483058,1.768917,0.000000
0.000000,0.000000,0.000000,-0.842915,0.952984,0.000000
0.000000,0.000000,1.000000,-1.727907,4.986554,0.000000
0.000000,0.000000,0.000000,1.044288,-0.241540,1.000000
1.000000,0.000000,0.000000,1.124442,-0.068091,1.000000
0.000000,0.000000,0.000000,0.622852,3.244564,0.000000
0.000000,0.000000,0.000000,-0.222189,2.447711,0.000000
0.000000,0.000000,0.000000,0.323840,-0.902295,0.000000
0.000000,1.000000,1.000000,-0.715160,2.044151,0.000000
0.000000,0.000000,1.000000,-1.649265,4.452651,0.000000
0.000000,0.000000,0.000000,-1.651427,3.094583,0.000000
0.000000,0.000000,0.000000,0.372084,1.735237,0.000000
0.000000,0.000000,0.000000,0.211225,0.886996,0.000000
1.000000,1.000000,1.000000,-0.248902,0.520688,0.000000
0.000000,0.000000,0.000000,-0.392389,2.021308,0.000000
0.000000,0.000000,0.000000,-1.717545,-0.257410,0.000000
1.000000,0.000000,0.000000,0.769895,-0.737390,1.000000
0.000000,0.000000,1.000000,-2.051641,2.056975,0.000000
0.000000,0.000000,1.000000,-0.762417,2.379476,0.000000
1.000000,1.000000,0.000000,0.260287,-1.006082,0.000000
0.000000,0.000000,0.000000,-0.097847,1.005379,0.000000
0.000000,0.000000,0.000000,-2.456191,1.346912,0.000000
0.000000,1.000000,0.000000,-0.274753,2.795292,0.000000
0.000000,0.000000,0.000000,0.212399,4.119505,0.000000
1.000000,1.000000,0.000000,2.299248,-2.779157,1.000000
1.000000,0.000000,1.000000,0.582504,0.567729,0.000000
1.000000,0.000000,1.000000,0.183164,0.150673,0.000000
0.000000,0.000000,0.000000,0.208212,4.959065,0.000000
0.000000,0.000000,0.000000,-0.077900,4.495360,0.000000
1.000000,1.000000,1.000000,1.155465,0.424380,0.000000
1.000000,0.000000,0.000000,0.497526,-1.643257,0.000000
0.000000,0.000000,0.000000,1.621561,0.526282,1.000000
0.000000,0.000000,0.000000,0.684846,1.158638,0.000000
1.000000,0.000000,1.000000,-0.460019,1.942316,0.000000
0.000000,0.000000,0.000000,-1.516750,-3.802799,0.000000
0.000000,0.000000,0.000000,-0.068112,0.396829,0.000000
0.000000,0.000000,0.000000,-1.059256,1.080956,0.000000
0.000000,0.000000,0.000000,-0.089771,-2.446625,1.000000
1.000000,1.000000,0.000000,0.984279,0.036634,1.000000
0.000000,0.000000,0.000000,0.313557,-2.210314,1.000000
1.000000,1.000000,1.000000,1.763820,-0.152012,1.000000
1.000000,0.000000,0.000000,1.339248,3.577964,0.000000
0.000000,0.000000,1.000000,-0.708684,-1.756146,0.000000
0.000000,0.000000,0.000000,0.440029,1.151516,0.000000
1.000000,0.000000,0.000000,0.217482,-0.128360,1.000000
0.000000,0.000000,0.000000,-1.350487,-0.893724,0.000000
1.000000,1.000000,1.000000,-0.795680,2.352531,0.000000
0.000000,0.000000,1.000000,-1.586261,2.977304,0.000000
0.000000,0.000000,0.000000,-1.099335,0.955961,0.000000
1.000000,0.000000,0.000000,2.228940,-0.362265,1.000000
0.000000,0.000000,0.000000,-0.983670,1.385629,1.000000
1.000000,1.000000,1.000000,-0.265060,-1.520676,1.000000
0.000000,0.000000,0.000000,1.343240,2.584404,0.000000
0.000000,0.000000,0.000000,-0.203358,5.653821,0.000000
0.000000,0.000000,0.000000,0.421860,0.851624,0.000000
1.000000,0.000000,1.000000,-1.279014,0.349016,0.000000
0.000000,0.000000,0.000000,0.307984,-0.532693,0.000000
0.000000,0.000000,0.000000,0.404221,6.301143,0.000000
1.000000,0.000000,1.000000,0.343690,-1.060172,0.000000
1.000000,0.000000,0.000000,1.184580,-0.466171,1.000000
1.000000,0.000000,0.000000,-1.686026,-2.696783,0.000000
0.000000,0.000000,0.000000,0.997680,0.536054,0.000000
0.000000,0.000000,0.000000,-0.439875,3.414663,0.000000
0.000000,0.000000,0.000000,-0.656383,-0.714500,0.000000
0.000000,1.000000,1.000000,1.005754,1.458782,0.000000
1.000000,0.000000,0.000000,0.874527,-0.746331,1.000000
0.000000,0.000000,0.000000,0.485493,2.430661,0.000000
1.000000,0.000000,0.000000,0.948097,0.892067,0.000000
1.000000,0.000000,0.000000,0.477153,0.832355,0.000000
1.000000,0.000000,0.000000,0.459016,-2.828898,0.000000
1.000000,0.000000,0.000000,-0.220963,-2.266184,1.000000
0.000000,0.000000,1.000000,-2.110780,3.754486,0.000000
1.000000,1.000000,0.000000,1.524957,-2.621372,1.000000
0.000000,0.000000,0.000000,-0.766674,1.535448,0.000000
0.000000,0.000000,0.000000,0.462983,3.421355,0.000000
0.000000,0.000000,1.000000,-0.130154,0.806191,0.000000
0.000000,0.000000,0.000000,-1.604216,6.084726,0.000000
0.000000,0.000000,1.000000,-2.153496,0.393934,0.000000
1.000000,0.000000,0.000000,-0.408531,-0.856889,0.000000
1.000000,0.000000,0.000000,0.621117,-1.589391,1.000000
0.000000,0.000000,0.000000,0.814731,2.775261,0.000000
1.000000,0.000000,0.000000,-0.025725,-0.737349,0.000000
1.000000,1.000000,0.000000,3.033524,-2.039369,1.000000
