0.000000,0.000000,0.000000,-0.059836,2.600802,0.000000
1.000000,0.000000,0.000000,-0.283561,1.078118,0.000000
0.000000,0.000000,0.000000,0.167555,-0.258666,1.000000
1.000000,0.000000,1.000000,-0.720145,-1.262457,0.000000
0.000000,0.000000,0.000000,-1.154127,0.393614,0.000000
0.000000,0.000000,0.000000,-0.848645,3.572692,0.000000
0.000000,0.000000,1.000000,-0.935668,2.813521,0.000000
0.000000,0.000000,0.000000,0.838700,-0.719757,0.000000
0.000000,0.000000,1.000000,-0.563470,3.585882,0.000000
0.000000,1.000000,1.000000,-0.607920,3.324728,0.000000
0.000000,0.000000,1.000000,-1.584965,1.401223,0.000000
1.000000,0.000000,1.000000,0.083157,0.020740,0.000000
0.000000,0.000000,1.000000,-0.920262,2.534040,1.000000
1.000000,0.000000,0.000000,0.549684,-3.988648,1.000000
0.000000,0.000000,0.000000,-0.230547,0.786237,0.000000
0.000000,0.000000,0.000000,-0.106465,-0.896008,0.000000
0.000000,0.000000,1.000000,-1.381511,0.843819,0.000000
1.000000,0.000000,0.000000,0.017474,3.562641,0.000000
0.000000,0.000000,0.000000,-0.913041,1.053634,0.000000
0.000000,0.000000,0.000000,0.210486,0.212962,0.000000
0.000000,1.000000,1.000000,-2.898911,4.075235,0.000000
1.000000,0.000000,1.000000,-1.602447,-1.229480,0.000000
1.000000,0.000000,1.000000,0.350988,-1.163333,0.000000
1.000000,0.000000,0.000000,1.206766,1.254558,1.000000
0.000000,0.000000,1.000000,-3.294358,3.968986,0.000000
0.000000,0.000000,0.000000,-0.954019,2.078967,0.000000
1.000000,0.000000,0.000000,-0.935892,-0.727950,1.000000
0.000000,0.000000,0.000000,-0.121258,2.946213,0.000000
0.000000,1.000000,1.000000,-1.614954,1.708562,0.000000
0.000000,0.000000,0.000000,-0.031439,-0.059963,0.000000
1.000000,1.000000,0.000000,1.779056,0.753139,1.000000
1.000000,0.000000,0.000000,1.232295,0.005910,0.000000
0.000000,0.000000,0.000000,-0.300365,1.821355,0.000000
0.000000,0.000000,1.000000,-0.897199,3.093999,0.000000
1.000000,0.000000,0.000000,-0.118335,3.451908,0.000000
0.000000,0.000000,1.000000,-0.779738,1.743602,0.000000
0.000000,1.000000,0.000000,0.957184,1.338719,0.000000
0.000000,0.000000,0.000000,-1.658713,0.552161,1.000000
0.000000,0.000000,0.000000,0.190095,4.480627,0.000000
1.000000,1.000000,1.000000,0.120579,-0.929141,0.000000
1.000000,0.000000,0.000000,0.651490,1.369649,1.000000
0.000000,0.000000,1.000000,-1.928707,0.540356,0.000000
0.000000,0.000000,1.000000,-1.826527,0.992359,1.000000
0.000000,0.000000,0.000000,-0.587282,-1.974915,1.000000
1.000000,1.000000,1.000000,-0.383493,3.442575,0.000000
0.000000,0.000000,1.000000,-0.701213,2.259632,0.000000
0.000000,0.000000,0.000000,-0.525218,1.282485,0.000000
0.000000,0.000000,1.000000,-1.638776,4.211832,0.000000
1.000000,1.000000,1.000000,2.132803,1.986438,1.000000
0.000000,0.000000,0.000000,2.667827,1.502698,0.000000
0.000000,0.000000,0.000000,-0.467824,2.281396,0.000000
0.000000,0.000000,0.000000,0.358898,1.892463,0.000000
0.000000,0.000000,0.000000,-0.079678,-0.826753,1.000000
1.000000,1.000000,1.000000,-0.035544,2.733085,0.000000
1.000000,1.000000,1.000000,0.427626,2.289940,0.000000
0.000000,0.000000,1.000000,-0.032406,-1.588966,1.000000
0.000000,0.000000,0.000000,-0.236121,2.395799,0.000000
1.000000,1.000000,0.000000,0.852951,-0.038990,0.000000
0.000000,0.000000,0.000000,-0.154056,3.330252,0.000000
0.000000,0.000000,0.000000,0.612806,0.392835,1.000000
0.000000,0.000000,0.000000,0.275160,2.462627,0.000000
1.000000,0.000000,1.000000,-1.705180,0.417243,0.000000
0.000000,0.000000,1.000000,-3.861421,0.749042,0.000000
0.000000,0.000000,1.000000,-0.867021,3.886717,0.000000
0.000000,0.000000,1.000000,-2.324265,2.770106,0.000000
0.000000,0.000000,0.000000,-0.713805,3.063226,0.000000
1.000000,0.000000,0.000000,0.382764,1.687752,0.000000
0.000000,0.000000,0.000000,-0.825637,2.210567,0.000000
1.000000,0.000000,1.000000,-0.547535,-1.598756,1.000000
1.000000,0.000000,0.000000,-1.058125,-1.893487,0.000000
0.000000,0.000000,0.000000,-0.042273,1.498136,0.000000
1.000000,0.000000,0.000000,2.438394,0.681851,1.000000
1.000000,1.000000,0.000000,-0.420134,1.964368,0.000000
0.000000,1.000000,0.000000,1.383350,3.643985,0.000000
0.000000,0.000000,0.000000,0.890242,4.622852,0.000000
1.000000,0.000000,0.000000,2.107160,-0.217306,1.000000
0.000000,0.000000,0.000000,-1.283045,-0.845346,0.000000
1.000000,0.000000,1.000000,-1.469133,0.697168,0.000000
0.000000,0.000000,1.000000,-1.440421,0.580842,0.000000
0.000000,0.000000,0.000000,-0.608069,3.532644,0.000000
0.000000,0.000000,0.000000,-1.267461,-0.687280,0.000000
1.000000,1.000000,0.000000,0.357842,2.422490,0.000000
0.000000,0.000000,0.000000,-2.107459,1.258499,0.000000
1.000000,0.000000,1.000000,-0.080920,1.278151,0.000000
0.000000,0.000000,0.000000,-0.843727,2.293766,0.000000
0.000000,0.000000,0.000000,-2.279758,0.610829,0.000000
0.000000,0.000000,1.000000,-1.073048,-0.289919,0.000000
1.000000,0.000000,0.000000,1.247925,-0.664182,1.000000
0.000000,0.000000,0.000000,-0.701103,1.800496,0.000000
0.000000,1.000000,1.000000,-1.232620,0.502984,0.000000
1.000000,0.000000,0.000000,-0.969217,-0.252984,1.000000
1.000000,0.000000,0.000000,0.190500,1.862642,0.000000
0.000000,1.000000,0.000000,-0.198363,-2.337869,0.000000
1.000000,0.000000,0.000000,0.735088,-2.424882,1.000000
0.000000,0.000000,1.000000,-2.355604,2.970416,1.000000
1.000000,0.000000,1.000000,-0.573413,1.875950,0.000000
0.000000,0.000000,0.000000,-0.095476,4.148821,0.000000
0.000000,0.000000,0.000000,0.774851,-0.270137,0.000000
1.000000,0.000000,0.000000,1.128726,1.402388,0.000000
1.000000,1.000000,0.000000,1.893912,-2.611517,1.000000
1.000000,0.000000,0.000000,1.534921,1.221679,1.000000
0.000000,0.000000,0.000000,-0.047548,-3.186135,1.000000
0.000000,0.000000,0.000000,-1.036963,0.524986,0.000000
0.000000,0.000000,0.000000,0.155013,0.799706,1.000000
0.000000,1.000000,1.000000,-1.926738,0.983394,0.000000
1.000000,0.000000,0.000000,0.887953,-1.248259,1.000000
0.000000,0.000000,0.000000,-3.308012,0.896282,0.000000
1.000000,0.000000,0.000000,1.813851,1.234281,1.000000
0.000000,0.000000,0.000000,0.370720,4.091821,0.000000
0.000000,0.000000,0.000000,-0.115221,0.648290,1.000000
0.000000,1.000000,0.000000,-0.222558,2.030367,0.000000
1.000000,1.000000,1.000000,0.461549,0.707432,0.000000
0.000000,0.000000,1.000000,-0.877258,2.377428,0.000000
1.000000,1.000000,1.000000,0.506127,4.057889,0.000000
0.000000,0.000000,1.000000,-1.507672,2.959000,0.000000
1.000000,0.000000,0.000000,0.118559,0.504355,1.000000
1.000000,0.000000,0.000000,1.489904,-2.534512,1.000000
0.000000,0.000000,0.000000,0.288460,-0.739251,0.000000
0.000000,0.000000,1.000000,-1.324889,2.643030,0.000000
0.000000,1.000000,0.000000,0.249612,2.759747,0.000000
1.000000,0.000000,0.000000,0.882419,-3.404271,1.000000
0.000000,0.000000,0.000000,-0.117668,-3.215673,0.000000
1.000000,0.000000,1.000000,-0.665278,-3.245728,1.000000
1.000000,0.000000,0.000000,0.617469,-1.869316,1.000000
1.000000,1.000000,0.000000,1.608050,1.129451,0.000000
1.000000,0.000000,1.000000,-2.510135,3.636203,0.000000
1.000000,0.000000,1.000000,1.218034,-1.227305,1.000000
0.000000,0.000000,1.000000,-0.099917,2.730307,0.000000
1.000000,0.000000,0.000000,-1.015995,3.008328,0.000000
0.000000,0.000000,0.000000,-1.591306,3.149096,0.000000
1.000000,0.000000,0.000000,1.180839,-4.200059,1.000000
0.000000,0.000000,0.000000,-1.167927,3.832534,0.000000
1.000000,1.000000,1.000000,0.646399,1.227611,0.000000
0.000000,0.000000,0.000000,0.489286,2.993166,1.000000
0.000000,0.000000,0.000000,0.822265,2.437570,0.000000
0.000000,1.000000,0.000000,0.177434,1.798287,1.000000
1.000000,0.000000,1.000000,0.748731,2.511485,0.000000
1.000000,0.000000,0.000000,0.054430,0.041321,1.000000
0.000000,0.000000,0.000000,0.761883,0.438290,0.000000
1.000000,0.000000,1.000000,-0.490854,0.153110,1.000000
0.000000,0.000000,1.000000,-0.979107,2.442694,0.000000
0.000000,0.000000,0.000000,-2.405298,2.551122,0.000000
1.000000,0.000000,0.000000,1.022362,-0.404688,0.000000
0.000000,0.000000,0.000000,-0.018488,0.930323,1.000000
0.000000,0.000000,0.000000,-2.117006,1.567215,0.000000
1.000000,1.000000,0.000000,1.553249,-1.666853,1.000000
1.000000,0.000000,0.000000,0.029268,3.422017,0.000000
0.000000,0.000000,0.000000,-0.896883,2.218794,0.000000
1.000000,1.000000,0.000000,0.833829,2.949774,0.000000
1.000000,0.000000,0.000000,1.110477,-2.329057,1.000000
0.000000,0.000000,0.000000,-0.103758,2.890308,0.000000
0.000000,0.000000,0.000000,0.055649,0.163660,0.000000
1.000000,0.000000,1.000000,-0.403137,1.930390,0.000000
1.000000,0.000000,0.000000,1.118480,0.977863,1.000000
0.000000,0.000000,0.000000,0.003166,0.998730,0.000000
1.000000,1.000000,1.000000,-0.499705,4.246495,0.000000
1.000000,1.000000,0.000000,0.567609,-1.020853,1.000000
1.000000,0.000000,0.000000,0.666992,-0.100532,1.000000
1.000000,0.000000,0.000000,0.654671,3.405439,0.000000
0.000000,0.000000,0.000000,-2.167152,4.121000,0.000000
1.000000,0.000000,0.000000,-0.405154,4.518462,0.000000
0.000000,1.000000,0.000000,1.456135,4.057939,1.000000
1.000000,0.000000,0.000000,3.067580,-0.819572,1.000000
1.000000,1.000000,0.000000,0.715532,-1.124999,1.000000
0.000000,0.000000,0.000000,-1.299649,2.086750,0.000000
0.000000,0.000000,1.000000,-1.577203,2.221028,0.000000
1.000000,0.000000,0.000000,0.527097,0.392436,0.000000
0.000000,0.000000,0.000000,-1.097781,0.285425,0.000000
0.000000,0.000000,0.000000,-0.074454,5.020717,0.000000
0.000000,0.000000,1.000000,-2.210194,-0.697662,0.000000
0.000000,0.000000,1.000000,-1.389226,3.551372,0.000000
0.000000,0.000000,0.000000,0.304546,3.715521,0.000000
1.000000,0.000000,0.000000,0.048849,-1.882521,0.000000
0.000000,0.000000,0.000000,-1.738244,3.495060,0.000000
1.000000,0.000000,0.000000,1.224988,-1.639995,1.000000
0.000000,0.000000,1.000000,0.021357,2.741885,0.000000
0.000000,0.000000,0.000000,1.469521,4.811060,0.000000
1.000000,1.000000,1.000000,1.399910,3.131859,0.000000
0.000000,1.000000,1.000000,1.799721,1.366931,0.000000
1.000000,0.000000,0.000000,0.060091,1.851931,0.000000
0.000000,0.000000,1.000000,-1.330407,-2.774005,0.000000
0.000000,0.000000,0.000000,-0.267329,3.755615,0.000000
1.000000,0.000000,0.000000,-0.343579,-1.189781,1.000000
0.000000,0.000000,1.000000,-0.840411,0.356955,0.000000
1.000000,1.000000,0.000000,0.550681,-1.637081,0.000000
0.000000,0.000000,1.000000,0.562913,0.762783,0.000000
0.000000,0.000000,0.000000,1.287672,1.688596,0.000000
0.000000,0.000000,0.000000,-1.249626,4.464092,0.000000
0.000000,0.000000,0.000000,0.915626,4.657528,0.000000
0.000000,0.000000,0.000000,1.345980,0.797945,1.000000
1.000000,1.000000,0.000000,0.869945,1.157888,0.000000
1.000000,0.000000,1.000000,-0.293367,-1.889635,1.000000
0.000000,0.000000,1.000000,-0.993627,-0.179823,1.000000
0.000000,0.000000,0.000000,-0.024285,2.891954,0.000000
0.000000,0.000000,1.000000,-1.963231,4.184691,0.000000
1.000000,0.000000,0.000000,0.786577,-1.269709,0.000000
0.000000,0.000000,0.000000,-1.648493,1.916697,0.000000
1.000000,0.000000,1.000000,0.258466,2.224080,0.000000
1.000000,0.000000,0.000000,-0.027810,-3.114394,1.000000
0.000000,0.000000,1.000000,0.554256,-1.584942,1.000000
1.000000,1.000000,1.000000,1.512407,2.644538,0.000000
0.000000,0.000000,1.000000,-3.084332,2.833876,0.000000
0.000000,0.000000,1.000000,-1.956642,3.367134,0.000000
1.000000,1.000000,1.000000,-1.282085,2.690215,0.000000
0.000000,0.000000,1.000000,-1.839419,2.711335,0.000000
0.000000,1.000000,1.000000,0.068228,3.850240,0.000000
1.000000,0.000000,0.000000,0.345809,-3.096416,1.000000
1.000000,0.000000,0.000000,1.537226,-2.172258,1.000000
1.000000,0.000000,0.000000,2.192280,-0.433791,1.000000
1.000000,1.000000,1.000000,1.456702,2.874949,0.000000
0.000000,0.000000,0.000000,-1.304551,2.228861,0.000000
0.000000,0.000000,1.000000,-1.305126,3.834182,0.000000
1.000000,0.000000,0.000000,0.281602,-1.211512,1.000000
1.000000,1.000000,0.000000,0.983693,2.107061,0.000000
1.000000,0.000000,0.000000,0.810806,3.160134,0.000000
1.000000,0.000000,0.000000,0.308148,-0.399460,0.000000
1.000000,0.000000,0.000000,1.144674,-2.174744,1.000000
0.000000,0.000000,0.000000,-0.660616,1.716052,0.000000
1.000000,1.000000,1.000000,-1.045485,1.020381,0.000000
1.000000,0.000000,0.000000,1.525092,1.161241,1.000000
1.000000,0.000000,0.000000,2.351690,-1.750492,1.000000
1.000000,0.000000,1.000000,0.090402,3.652481,0.000000
0.000000,1.000000,1.000000,-0.382892,3.138634,0.000000
1.000000,0.000000,1.000000,-0.292310,-1.421490,1.000000
0.000000,0.000000,0.000000,-0.486153,2.260676,0.000000
0.000000,0.000000,0.000000,-0.612665,2.164140,0.000000
0.000000,0.000000,0.000000,-0.317109,-1.262766,1.000000
0.000000,0.000000,1.000000,-1.347058,2.443596,0.000000
1.000000,1.000000,1.000000,-0.038587,-1.233611,1.000000
0.000000,0.000000,0.000000,1.853547,-1.336750,1.000000
0.000000,0.000000,0.000000,-1.371887,2.775667,0.000000
0.000000,1.000000,1.000000,-2.449025,4.587754,0.000000
0.000000,0.000000,0.000000,0.826805,0.587148,0.000000
1.000000,0.000000,0.000000,2.447672,0.891807,0.000000
1.000000,0.000000,0.000000,-1.032524,-1.256262,0.000000
0.000000,0.000000,1.000000,-1.582966,4.229095,0.000000
0.000000,0.000000,1.000000,-2.299473,0.601005,0.000000
0.000000,0.000000,0.000000,-0.586123,2.269908,0.000000
0.000000,0.000000,0.000000,0.312662,1.418507,0.000000
0.000000,0.000000,0.000000,-0.112822,2.959468,0.000000
0.000000,0.000000,0.000000,0.308211,2.996885,0.000000
0.000000,0.000000,0.000000,0.696462,-1.489081,0.000000
1.000000,0.000000,1.000000,-0.852159,-0.143990,1.000000
0.000000,0.000000,0.000000,0.285403,2.033132,0.000000
0.000000,0.000000,0.000000,-0.743136,1.120719,0.000000
0.000000,0.000000,1.000000,-2.445067,-2.243838,0.000000
1.000000,1.000000,0.000000,1.432430,1.847497,0.000000
0.000000,0.000000,0.000000,0.807272,3.724866,1.000000
0.000000,1.000000,0.000000,-1.001392,5.293807,0.000000
0.000000,0.000000,0.000000,-0.590691,5.457633,0.000000
1.000000,0.000000,1.000000,-0.725131,3.360997,0.000000
1.000000,0.000000,0.000000,-0.344388,2.985445,0.000000
0.000000,1.000000,0.000000,1.203147,3.946005,0.000000
0.000000,0.000000,0.000000,-0.302704,-1.464854,0.000000
0.000000,1.000000,0.000000,1.201166,3.280472,0.000000
1.000000,0.000000,0.000000,-0.006181,-4.408694,1.000000
1.000000,0.000000,1.000000,-0.147436,0.752315,1.000000
0.000000,0.000000,0.000000,0.369368,0.708373,0.000000
0.000000,0.000000,1.000000,-2.629673,0.932101,0.000000
0.000000,0.000000,0.000000,-0.598730,1.442193,0.000000
0.000000,0.000000,0.000000,-1.718933,3.164535,0.000000
0.000000,0.000000,0.000000,-0.496653,1.420900,1.000000
1.000000,1.000000,1.000000,0.203068,-0.529321,0.000000
0.000000,0.000000,1.000000,-2.131128,1.631866,0.000000
0.000000,0.000000,1.000000,-1.463750,4.321357,0.000000
1.000000,0.000000,0.000000,2.258369,1.012137,1.000000
0.000000,0.000000,0.000000,-1.741261,-0.585024,0.000000
0.000000,0.000000,1.000000,-0.575134,-0.982040,1.000000
0.000000,0.000000,0.000000,-0.698194,3.238849,0.000000
0.000000,0.000000,0.000000,1.075824,2.020910,0.000000
0.000000,0.000000,1.000000,-0.187071,1.333345,1.000000
0.000000,1.000000,1.000000,-1.263088,6.575612,0.000000
1.000000,1.000000,0.000000,1.232366,1.985013,0.000000
1.000000,0.000000,0.000000,1.325298,-0.824778,1.000000
0.000000,0.000000,0.000000,-0.748737,-0.064186,1.000000
1.000000,1.000000,0.000000,1.761791,4.091936,0.000000
0.000000,0.000000,0.000000,0.698478,0.854709,1.000000
1.000000,0.000000,0.000000,1.177249,1.737980,0.000000
0.000000,0.000000,0.000000,-1.731950,0.923990,1.000000
1.000000,0.000000,1.000000,1.143898,1.482705,1.000000
1.000000,1.000000,1.000000,0.859367,2.363917,0.000000
1.000000,1.000000,0.000000,1.450927,2.355091,1.000000
1.000000,0.000000,0.000000,0.781440,-0.488223,1.000000
0.000000,0.000000,0.000000,-0.231620,2.440163,0.000000
1.000000,0.000000,1.000000,0.282909,-1.218249,1.000000
0.000000,0.000000,0.000000,0.191655,0.230600,0.000000
1.000000,1.000000,1.000000,0.314852,0.770086,0.000000
1.000000,0.000000,1.000000,0.770355,0.168111,1.000000
1.000000,0.000000,0.000000,-0.507657,2.070947,0.000000
1.000000,0.000000,1.000000,-0.804105,-0.748528,0.000000
0.000000,0.000000,0.000000,-0.869401,2.491546,0.000000
0.000000,0.000000,0.000000,-0.764700,0.645840,0.000000
0.000000,0.000000,1.000000,0.019687,3.749195,0.000000
1.000000,1.000000,0.000000,1.099637,1.484095,0.000000
1.000000,1.000000,1.000000,0.858257,1.149622,1.000000
0.000000,0.000000,0.000000,-1.842801,0.625242,0.000000
0.000000,0.000000,0.000000,0.869579,1.446473,0.000000
1.000000,1.000000,1.000000,-0.099062,4.184722,0.000000
0.000000,0.000000,1.000000,-2.714606,6.060293,0.000000
1.000000,1.000000,1.000000,-0.872920,2.532295,0.000000
1.000000,0.000000,0.000000,-0.330697,0.106042,0.000000
0.000000,0.000000,0.000000,-0.111754,3.989050,0.000000
1.000000,0.000000,0.000000,-0.704116,-0.490433,0.000000
1.000000,1.000000,0.000000,1.984167,1.270466,1.000000
0.000000,0.000000,1.000000,-1.722771,3.247634,0.000000
0.000000,0.000000,0.000000,0.760796,-2.480507,0.000000
1.000000,1.000000,1.000000,-0.441761,3.926653,0.000000
1.000000,0.000000,0.000000,1.375521,1.607282,0.000000
0.000000,0.000000,1.000000,-1.868397,-0.164657,0.000000
0.000000,0.000000,0.000000,-0.597703,3.921574,0.000000
0.000000,0.000000,1.000000,-1.458446,1.930926,0.000000
0.000000,0.000000,0.000000,-0.463844,0.145507,0.000000
0.000000,1.000000,0.000000,1.571268,0.285994,0.000000
1.000000,1.000000,0.000000,1.899136,1.278097,0.000000
1.000000,0.000000,0.000000,-0.631664,-2.055668,0.000000
0.000000,0.000000,0.000000,0.632354,-0.085380,0.000000
0.000000,0.000000,1.000000,-0.404150,2.385290,0.000000
0.000000,0.000000,0.000000,-1.058474,-1.348064,1.000000
0.000000,1.000000,0.000000,0.712225,1.825281,0.000000
0.000000,0.000000,0.000000,1.094580,2.736728,0.000000
0.000000,0.000000,1.000000,-0.853390,-0.124894,0.000000
1.000000,1.000000,0.000000,3.554477,0.120662,0.000000
1.000000,0.000000,0.000000,0.635151,-1.456124,1.000000
0.000000,0.000000,0.000000,-0.704867,0.007765,0.000000
0.000000,0.000000,0.000000,0.140781,3.228997,0.000000
0.000000,0.000000,0.000000,-1.249391,-0.554936,0.000000
1.000000,1.000000,1.000000,-0.799681,3.224783,0.000000
0.000000,0.000000,1.000000,-1.492898,4.174152,0.000000
1.000000,0.000000,0.000000,-0.581829,1.692831,1.000000
0.000000,0.000000,1.000000,-1.969247,-0.115158,0.000000
1.000000,0.000000,0.000000,-1.233729,-0.484979,0.000000
0.000000,0.000000,0.000000,-1.418575,3.160501,1.000000
0.000000,0.000000,0.000000,-0.077302,0.487223,1.000000
0.000000,0.000000,1.000000,-3.018454,2.399734,0.000000
0.000000,0.000000,0.000000,0.494974,-1.344313,1.000000
1.000000,0.000000,0.000000,1.812260,1.513510,1.000000
0.000000,0.000000,0.000000,-0.488523,1.321995,0.000000
1.000000,0.000000,0.000000,0.205785,-1.810193,1.000000
0.000000,1.000000,0.000000,0.776409,0.912537,1.000000
1.000000,0.000000,0.000000,0.121125,-1.466096,1.000000
0.000000,0.000000,0.000000,-1.221096,-0.200169,1.000000
0.000000,0.000000,1.000000,-1.817021,2.907048,0.000000
0.000000,0.000000,0.000000,0.669888,0.735020,0.000000
1.000000,0.000000,0.000000,0.848829,1.703190,1.000000
1.000000,0.000000,1.000000,0.195542,1.767940,0.000000
1.000000,1.000000,1.000000,0.053371,0.024716,1.000000
1.000000,1.000000,1.000000,-1.232306,-1.101388,1.000000
0.000000,0.000000,0.000000,0.801497,1.178948,0.000000
0.000000,0.000000,0.000000,0.434843,0.379311,0.000000
0.000000,0.000000,1.000000,-1.413412,4.429199,0.000000
1.000000,0.000000,0.000000,0.483519,4.394663,1.000000
1.000000,0.000000,0.000000,0.285276,-1.628473,0.000000
0.000000,0.000000,1.000000,-1.444993,-0.324202,0.000000
0.000000,0.000000,1.000000,-2.827820,0.111471,0.000000
1.000000,0.000000,0.000000,-1.044040,-3.823298,1.000000
0.000000,0.000000,1.000000,-0.941735,1.755704,0.000000
0.000000,0.000000,1.000000,-1.198414,0.867369,0.000000
0.000000,0.000000,1.000000,0.024585,3.958057,0.000000
0.000000,0.000000,0.000000,-0.023363,1.361600,0.000000
1.000000,0.000000,1.000000,-0.386399,-0.269546,1.000000
1.000000,1.000000,0.000000,1.425791,1.616919,1.000000
0.000000,0.000000,0.000000,-1.466684,0.610901,0.000000
1.000000,0.000000,0.000000,1.345590,1.539257,0.000000
0.000000,0.000000,1.000000,-1.519036,3.661528,0.000000
1.000000,0.000000,0.000000,2.012558,-0.074022,1.000000
0.000000,0.000000,1.000000,-2.366721,5.239210,0.000000
0.000000,0.000000,0.000000,-1.372946,-1.354711,0.000000
0.000000,0.000000,0.000000,0.180648,1.324799,1.000000
1.000000,0.000000,0.000000,1.263088,0.304092,0.000000
0.000000,0.000000,0.000000,-0.377088,-0.777295,1.000000
1.000000,0.000000,0.000000,0.786199,4.889681,0.000000
0.000000,0.000000,0.000000,-1.361853,4.142163,0.000000
0.000000,0.000000,0.000000,0.967499,1.622537,0.000000
1.000000,0.000000,0.000000,0.500322,-0.929233,1.000000
1.000000,1.000000,1.000000,0.109314,0.174504,0.000000
0.000000,0.000000,0.000000,0.703951,7.960152,0.000000
1.000000,1.000000,1.000000,-0.322853,0.180261,1.000000
0.000000,0.000000,1.000000,-1.370589,-0.411968,0.000000
0.000000,0.000000,0.000000,-0.424032,0.664622,0.000000
1.000000,0.000000,0.000000,-0.598770,-0.499052,0.000000
0.000000,0.000000,0.000000,-1.276501,0.452587,0.000000
0.000000,0.000000,0.000000,-0.206738,1.987798,0.000000
1.000000,1.000000,1.000000,1.659254,0.522987,1.000000
0.000000,0.000000,0.000000,1.978501,1.919106,0.000000
0.000000,0.000000,0.000000,-0.043426,2.873068,0.000000
0.000000,0.000000,1.000000,-0.630139,1.792731,0.000000
0.000000,0.000000,0.000000,-0.362943,-0.725336,0.000000
1.000000,1.000000,1.000000,-0.101745,2.483795,0.000000
0.000000,0.000000,0.000000,0.782063,-0.848610,0.000000
0.000000,0.000000,0.000000,-0.193448,4.124519,0.000000
0.000000,0.000000,1.000000,-1.554690,1.278081,0.000000
0.000000,0.000000,0.000000,0.006601,1.189437,0.000000
1.000000,0.000000,1.000000,-0.627952,0.093768,0.000000
1.000000,1.000000,0.000000,2.221799,2.397197,0.000000
1.000000,1.000000,1.000000,1.299536,2.310531,1.000000
0.000000,0.000000,0.000000,-1.463567,-0.418131,1.000000
0.000000,0.000000,0.000000,1.348792,-0.465559,1.000000
0.000000,0.000000,0.000000,1.171336,2.520128,0.000000
1.000000,0.000000,1.000000,0.428374,-3.015441,1.000000
0.000000,0.000000,0.000000,-0.952623,-0.049565,0.000000
1.000000,0.000000,0.000000,-1.395355,3.366731,0.000000
0.000000,0.000000,1.000000,-1.286100,0.677995,0.000000
0.000000,0.000000,0.000000,-0.413083,-1.352670,1.000000
0.000000,1.000000,1.000000,-0.248566,2.786555,0.000000
0.000000,0.000000,1.000000,-0.978304,0.049675,0.000000
1.000000,0.000000,0.000000,1.486708,0.510783,0.000000
0.000000,0.000000,0.000000,-0.439533,1.408789,0.000000
0.000000,0.000000,0.000000,0.930541,-0.136579,1.000000
0.000000,0.000000,1.000000,0.251294,2.744458,0.000000
0.000000,0.000000,1.000000,-1.398837,0.370908,0.000000
0.000000,0.000000,0.000000,-0.994342,1.399766,0.000000
1.000000,0.000000,0.000000,0.659308,2.334844,0.000000
0.000000,1.000000,1.000000,-2.467302,7.346378,0.000000
1.000000,1.000000,1.000000,1.581918,1.584988,0.000000
0.000000,0.000000,0.000000,-0.110045,1.632307,1.000000
0.000000,0.000000,0.000000,-0.097278,4.087313,0.000000
0.000000,0.000000,0.000000,-2.293005,3.016587,0.000000
0.000000,0.000000,0.000000,0.443474,2.357535,0.000000
0.000000,0.000000,0.000000,0.370358,-0.029285,0.000000
0.000000,0.000000,1.000000,-1.832636,3.169068,0.000000
1.000000,1.000000,0.000000,0.782571,2.687267,0.000000
1.000000,0.000000,0.000000,1.896744,0.806433,1.000000
0.000000,0.000000,1.000000,-0.785822,1.478297,0.000000
1.000000,1.000000,0.000000,2.081139,0.591168,1.000000
0.000000,0.000000,0.000000,-1.032848,2.048053,0.000000
0.000000,0.000000,1.000000,-1.327816,3.876280,0.000000
0.000000,0.000000,1.000000,-1.295615,-1.089724,1.000000
1.000000,0.000000,0.000000,0.747464,1.046563,0.000000
0.000000,0.000000,0.000000,0.662214,1.876551,1.000000
1.000000,0.000000,0.000000,-0.530437,-3.044286,1.000000
1.000000,0.000000,1.000000,1.047724,-1.134164,1.000000
1.000000,0.000000,1.000000,-0.842358,1.258644,0.000000
0.000000,0.000000,0.000000,-1.591034,1.908523,0.000000
1.000000,0.000000,1.000000,-0.451602,-1.044699,1.000000
1.000000,0.000000,0.000000,1.643404,0.057285,0.000000
0.000000,1.000000,0.000000,-1.173340,2.424251,1.000000
0.000000,0.000000,0.000000,0.186071,3.019545,1.000000
0.000000,0.000000,0.000000,-0.547196,-0.680756,0.000000
1.000000,0.000000,0.000000,0.752483,1.147042,1.000000
0.000000,0.000000,0.000000,0.721680,1.758653,1.000000
0.000000,0.000000,0.000000,0.647334,1.692553,0.000000
0.000000,0.000000,1.000000,-1.985448,0.794834,0.000000
1.000000,0.000000,0.000000,1.232140,0.933296,1.000000
0.000000,0.000000,0.000000,-0.613745,0.091281,0.000000
0.000000,0.000000,0.000000,-0.974433,1.149485,0.000000
0.000000,0.000000,0.000000,-0.524558,3.804280,0.000000
0.000000,0.000000,1.000000,-0.017804,4.786069,0.000000
0.000000,1.000000,1.000000,1.758969,0.563662,0.000000
0.000000,0.000000,0.000000,-0.772501,0.303966,1.000000
0.000000,0.000000,0.000000,1.083897,2.969611,0.000000
0.000000,0.000000,0.000000,-0.546306,1.180802,0.000000
0.000000,1.000000,0.000000,-0.345214,4.193789,0.000000
0.000000,0.000000,1.000000,-1.728244,3.701658,0.000000
0.000000,0.000000,1.000000,-0.443036,4.754193,0.000000
1.000000,0.000000,0.000000,-0.424788,0.136731,0.000000
0.000000,0.000000,1.000000,-0.589906,-1.171419,0.000000
0.000000,0.000000,1.000000,0.128651,3.690954,0.000000
1.000000,0.000000,0.000000,0.802816,-0.087827,0.000000
1.000000,0.000000,0.000000,-0.104908,0.452696,0.000000
0.000000,0.000000,0.000000,0.947965,0.497838,0.000000
0.000000,0.000000,0.000000,-0.668016,2.414399,0.000000
0.000000,0.000000,0.000000,-0.799684,2.367132,0.000000
1.000000,1.000000,0.000000,-0.502418,-1.997812,1.000000
1.000000,0.000000,0.000000,1.034180,-2.068828,1.000000
1.000000,0.000000,0.000000,-0.897813,-0.126035,1.000000
0.000000,0.000000,0.000000,-0.390696,1.059433,1.000000
0.000000,0.000000,0.000000,1.429727,1.305298,0.000000
0.000000,0.000000,0.000000,-1.505013,1.533704,0.000000
0.000000,0.000000,0.000000,-0.414572,2.105299,0.000000
1.000000,1.000000,0.000000,1.573753,3.329868,0.000000
0.000000,0.000000,0.000000,-0.401740,0.856575,0.000000
0.000000,1.000000,1.000000,-1.904243,2.539799,0.000000
1.000000,0.000000,0.000000,1.213536,1.888465,0.000000
1.000000,1.000000,0.000000,-0.082462,-0.839653,0.000000
0.000000,0.000000,0.000000,1.098806,4.647865,0.000000
1.000000,0.000000,0.000000,1.972534,2.293548,0.000000
1.000000,1.000000,0.000000,1.299055,2.760510,1.000000
1.000000,1.000000,1.000000,-0.340072,2.044992,0.000000
1.000000,0.000000,0.000000,-0.063494,0.085848,0.000000
1.000000,1.000000,1.000000,-0.086711,0.727566,0.000000
0.000000,0.000000,0.000000,-2.045954,0.289828,0.000000
1.000000,0.000000,1.000000,-0.427933,0.322483,0.000000
0.000000,0.000000,0.000000,0.540112,-1.922894,1.000000
0.000000,0.000000,0.000000,0.087024,1.556585,0.000000
1.000000,0.000000,1.000000,-0.488160,2.080546,0.000000
1.000000,1.000000,1.000000,1.203549,0.922211,0.000000
0.000000,1.000000,0.000000,0.763865,-0.428189,1.000000
0.000000,0.000000,0.000000,0.752551,-1.206154,1.000000
0.000000,0.000000,1.000000,-1.848193,3.499132,0.000000
0.000000,0.000000,0.000000,-0.005042,4.809838,1.000000
0.000000,0.000000,0.000000,-0.862360,0.702147,0.000000
1.000000,1.000000,1.000000,-1.228027,1.683834,0.000000
0.000000,0.000000,0.000000,-0.119372,-1.475614,1.000000
0.000000,0.000000,1.000000,-1.141714,-0.561212,0.000000
0.000000,0.000000,0.000000,0.726115,3.688615,1.000000
0.000000,1.000000,0.000000,0.609701,3.622191,0.000000
0.000000,0.000000,0.000000,0.793449,1.882766,0.000000
0.000000,0.000000,0.000000,0.156587,2.876829,0.000000
0.000000,0.000000,0.000000,-0.449921,4.659143,0.000000
1.000000,0.000000,0.000000,-1.149710,4.349448,1.000000
1.000000,0.000000,0.000000,0.788017,-0.237391,0.000000
0.000000,0.000000,0.000000,-0.298860,3.674546,0.000000
0.000000,0.000000,0.000000,-1.064224,3.950645,0.000000
0.000000,0.000000,0.000000,-0.512902,0.247162,1.000000
0.000000,0.000000,1.000000,-1.178235,2.349577,0.000000
0.000000,0.000000,0.000000,0.080971,1.123446,0.000000
1.000000,0.000000,0.000000,0.773569,-0.009499,1.000000
1.000000,0.000000,1.000000,-0.941626,2.691071,0.000000
0.000000,0.000000,0.000000,-0.476317,1.810116,0.000000
1.000000,0.000000,0.000000,1.814190,-1.638477,1.000000
0.000000,1.000000,1.000000,-1.287419,0.526385,0.000000
1.000000,0.000000,0.000000,-0.181076,-2.103983,1.000000
1.000000,1.000000,0.000000,1.014674,-2.624998,0.000000
0.000000,1.000000,1.000000,0.851241,4.181079,0.000000
0.000000,1.000000,1.000000,-0.582532,1.475786,0.000000
0.000000,0.000000,1.000000,-1.267746,7.353034,0.000000
0.000000,0.000000,0.000000,0.618936,2.537982,0.000000
0.000000,0.000000,0.000000,0.040776,3.857506,0.000000
0.000000,0.000000,0.000000,-1.227781,0.493124,0.000000
1.000000,1.000000,1.000000,0.063487,0.897173,1.000000
1.000000,1.000000,0.000000,1.443372,0.905376,1.000000
1.000000,0.000000,0.000000,1.196845,-1.788011,1.000000
0.000000,0.000000,0.000000,0.429873,-1.168004,0.000000
0.000000,0.000000,0.000000,-1.823999,0.857211,0.000000
1.000000,0.000000,1.000000,-0.173244,-0.419904,1.000000
1.000000,0.000000,1.000000,-1.733897,0.099408,0.000000
0.000000,0.000000,0.000000,-0.295400,0.817514,0.000000
0.000000,0.000000,1.000000,-1.816223,0.771218,0.000000
0.000000,0.000000,0.000000,0.912764,1.679877,1.000000
1.000000,0.000000,0.000000,-1.151626,3.794549,0.000000
0.000000,0.000000,1.000000,-0.625009,3.499899,0.000000
1.000000,0.000000,0.000000,0.730676,-1.084426,0.000000
0.000000,0.000000,0.000000,-2.080819,1.932190,0.000000
0.000000,0.000000,0.000000,-1.539940,1.407581,0.000000
1.000000,0.000000,0.000000,3.085422,-2.189010,1.000000
0.000000,0.000000,0.000000,0.821441,2.621090,0.000000
0.000000,0.000000,0.000000,-0.033388,0.390448,0.000000
1.000000,1.000000,0.000000,1.357628,0.806596,1.000000
0.000000,0.000000,0.000000,0.232935,1.890986,0.000000
0.000000,0.000000,1.000000,0.698591,4.401176,0.000000
0.000000,0.000000,0.000000,-0.245305,-1.136489,1.000000
1.000000,0.000000,1.000000,-0.737874,1.792285,0.000000
0.000000,0.000000,0.000000,-0.430300,1.223050,1.000000
0.000000,0.000000,0.000000,0.783257,3.051682,0.000000
1.000000,0.000000,0.000000,0.496166,-1.269637,1.000000
0.000000,0.000000,0.000000,0.646703,1.159167,0.000000
1.000000,0.000000,1.000000,-1.818292,1.779806,0.000000
1.000000,0.000000,0.000000,-0.131033,2.412862,0.000000
0.000000,0.000000,1.000000,-2.573714,2.134512,1.000000
0.000000,0.000000,1.000000,-2.350331,3.960908,0.000000
1.000000,0.000000,0.000000,1.284878,-1.161049,1.000000
1.000000,0.000000,0.000000,2.277295,-1.081064,1.000000
0.000000,1.000000,1.000000,-1.198809,2.225421,0.000000
0.000000,0.000000,0.000000,-0.544238,3.401262,0.000000
1.000000,0.000000,0.000000,1.634483,-0.782713,1.000000
0.000000,0.000000,0.000000,-1.576329,-1.108080,1.000000
1.000000,0.000000,1.000000,-0.223773,-2.507509,1.000000
1.000000,0.000000,1.000000,-0.603910,2.564683,0.000000
1.000000,1.000000,1.000000,0.700890,1.253230,0.000000
1.000000,1.000000,0.000000,2.458441,-0.207943,1.000000
1.000000,0.000000,0.000000,0.782595,4.094576,0.000000
0.000000,0.000000,0.000000,1.139218,2.894827,0.000000
1.000000,0.000000,1.000000,-1.050024,1.813350,0.000000
1.000000,0.000000,0.000000,0.459413,0.396626,1.000000
1.000000,0.000000,1.000000,0.688273,-1.656761,1.000000
0.000000,0.000000,1.000000,-0.480126,0.300223,1.000000
0.000000,1.000000,1.000000,-1.234382,4.261985,0.000000
0.000000,0.000000,1.000000,-1.347112,1.099528,0.000000
0.000000,0.000000,0.000000,-1.785975,2.182007,0.000000
0.000000,1.000000,1.000000,0.924341,5.863004,0.000000
0.000000,0.000000,0.000000,0.066908,2.703480,0.000000
0.000000,0.000000,1.000000,-0.688786,5.798089,0.000000
0.000000,1.000000,1.000000,-0.140874,-0.572740,0.000000
0.000000,0.000000,1.000000,0.336902,0.442353,0.000000
0.000000,0.000000,0.000000,0.036423,0.647273,0.000000
0.000000,0.000000,0.000000,-0.133785,0.740098,0.000000
1.000000,0.000000,0.000000,0.289122,-1.984566,1.000000
0.000000,0.000000,0.000000,-1.342451,2.068051,0.000000
1.000000,1.000000,0.000000,0.952454,2.228832,0.000000
0.000000,0.000000,0.000000,0.595154,0.237301,1.000000
1.000000,0.000000,1.000000,0.062660,0.989376,1.000000
1.000000,1.000000,0.000000,4.104045,-1.096836,1.000000
0.000000,0.000000,0.000000,-0.750583,1.734241,0.000000
1.000000,0.000000,0.000000,0.483564,2.339494,0.000000
0.000000,0.000000,1.000000,-0.999264,3.221130,0.000000
0.000000,0.000000,0.000000,0.143757,0.254019,0.000000
0.000000,0.000000,1.000000,-0.677739,2.820466,0.000000
0.000000,0.000000,1.000000,-1.385970,1.276428,0.000000
0.000000,1.000000,1.000000,0.614682,2.813534,1.000000
0.000000,0.000000,0.000000,-1.075710,0.983218,0.000000
0.000000,0.000000,0.000000,1.246474,3.893253,0.000000
1.000000,1.000000,1.000000,-0.632497,0.443806,0.000000
0.000000,0.000000,0.000000,0.565569,4.802426,0.000000
0.000000,0.000000,0.000000,0.522018,-1.376731,1.000000
0.000000,0.000000,0.000000,-1.936445,0.665740,0.000000
1.000000,0.000000,1.000000,-0.078789,0.455513,0.000000
1.000000,0.000000,1.000000,-1.062062,1.057471,0.000000
0.000000,0.000000,0.000000,1.422341,-0.594338,1.000000
0.000000,0.000000,0.000000,-0.153100,3.912740,0.000000
1.000000,0.000000,0.000000,0.920506,0.131985,1.000000
1.000000,0.000000,1.000000,0.727497,1.393871,1.000000
0.000000,0.000000,0.000000,-1.122146,-1.312407,1.000000
0.000000,0.000000,0.000000,0.838360,-0.523948,1.000000
0.000000,0.000000,1.000000,-1.939654,1.124441,0.000000
0.000000,1.000000,0.000000,0.526445,3.152221,0.000000
0.000000,0.000000,0.000000,-1.420956,1.937516,1.000000
1.000000,0.000000,0.000000,0.811269,-2.797265,1.000000
1.000000,1.000000,0.000000,0.476265,-1.571511,1.000000
0.000000,0.000000,0.000000,0.669200,-0.792617,0.000000
0.000000,0.000000,1.000000,0.190188,-1.278710,0.000000
1.000000,0.000000,0.000000,-0.648533,2.000082,0.000000
1.000000,0.000000,1.000000,-0.907203,2.523736,0.000000
1.000000,0.000000,0.000000,0.011971,1.308942,0.000000
1.000000,0.000000,0.000000,0.789277,1.778279,1.000000
0.000000,0.000000,0.000000,0.040039,-0.018378,0.000000
0.000000,0.000000,1.000000,-1.601980,0.232175,0.000000
0.000000,0.000000,0.000000,0.254332,0.615936,1.000000
0.000000,0.000000,0.000000,1.391287,1.869758,0.000000
1.000000,1.000000,0.000000,-0.205865,-1.119786,0.000000
1.000000,0.000000,0.000000,-0.525019,0.288067,1.000000
0.000000,0.000000,1.000000,-0.629725,0.945190,1.000000
0.000000,0.000000,1.000000,-0.298232,1.812097,0.000000
1.000000,0.000000,0.000000,1.176799,0.778827,1.000000
0.000000,0.000000,0.000000,0.002867,-2.025231,0.000000
0.000000,0.000000,0.000000,1.446379,1.323945,1.000000
1.000000,1.000000,0.000000,1.968640,2.902797,0.000000
0.000000,0.000000,0.000000,0.247568,1.603356,1.000000
0.000000,0.000000,0.000000,-1.802967,1.918570,0.000000
1.000000,1.000000,1.000000,0.542377,-0.037497,1.000000
1.000000,0.000000,0.000000,-1.632077,2.156668,1.000000
0.000000,0.000000,0.000000,-0.120723,5.777529,0.000000
0.000000,0.000000,0.000000,-2.231047,3.159834,0.000000
1.000000,0.000000,0.000000,0.862387,1.624929,1.000000
1.000000,1.000000,1.000000,0.862613,-1.730853,1.000000
0.000000,0.000000,1.000000,0.127635,0.605402,0.000000
1.000000,0.000000,1.000000,0.477311,0.292355,1.000000
0.000000,0.000000,0.000000,-0.445272,2.816896,0.000000
0.000000,0.000000,0.000000,-0.849012,2.244605,0.000000
1.000000,1.000000,0.000000,1.275623,-3.550009,1.000000
0.000000,0.000000,1.000000,-1.325416,2.156564,0.000000
0.000000,1.000000,0.000000,0.558626,3.925227,0.000000
0.000000,0.000000,0.000000,0.362441,0.521702,0.000000
1.000000,0.000000,0.000000,-0.142272,-0.425756,1.000000
0.000000,0.000000,0.000000,-0.832388,4.741649,0.000000
1.000000,0.000000,1.000000,-1.877222,1.992789,0.000000
0.000000,0.000000,1.000000,-1.101361,-0.193605,0.000000
0.000000,0.000000,0.000000,-0.495773,2.959115,0.000000
0.000000,0.000000,1.000000,-0.466511,2.223378,0.000000
1.000000,0.000000,0.000000,0.456478,-4.557656,1.000000
1.000000,0.000000,1.000000,1.021917,-0.017246,1.000000
0.000000,0.000000,1.000000,-0.878416,0.945481,0.000000
1.000000,0.000000,0.000000,-1.007326,1.291613,0.000000
1.000000,0.000000,0.000000,-0.818733,-0.230404,1.000000
1.000000,1.000000,0.000000,1.220356,1.922821,1.000000
0.000000,1.000000,1.000000,-0.341944,3.257823,0.000000
0.000000,1.000000,1.000000,1.173108,6.255016,1.000000
1.000000,0.000000,0.000000,1.550240,-2.269030,1.000000
0.000000,0.000000,0.000000,0.575595,-2.329367,0.000000
1.000000,0.000000,1.000000,-1.326069,3.307598,0.000000
0.000000,0.000000,0.000000,0.369109,-0.688446,0.000000
1.000000,0.000000,0.000000,0.007453,-0.195449,1.000000
1.000000,1.000000,0.000000,0.563356,1.959505,0.000000
0.000000,0.000000,1.000000,-0.622362,0.744663,0.000000
0.000000,0.000000,0.000000,-0.641692,3.380828,0.000000
1.000000,0.000000,0.000000,-0.279302,0.829187,1.000000
0.000000,0.000000,0.000000,-1.520332,3.330785,0.000000
0.000000,0.000000,1.000000,-1.803031,-3.314536,1.000000
1.000000,1.000000,1.000000,0.426194,3.931246,0.000000
1.000000,1.000000,0.000000,1.796995,-1.555288,1.000000
0.000000,0.000000,0.000000,-0.632550,-0.416311,0.000000
1.000000,0.000000,1.000000,-0.939575,1.261142,1.000000
0.000000,0.000000,0.000000,-0.054085,2.789378,0.000000
1.000000,1.000000,0.000000,-0.516138,2.426476,0.000000
0.000000,0.000000,0.000000,0.907422,1.176527,0.000000
1.000000,0.000000,1.000000,-0.184152,0.934841,0.000000
1.000000,0.000000,0.000000,1.016000,3.458459,0.000000
0.000000,0.000000,0.000000,-0.314638,4.351812,0.000000
0.000000,0.000000,0.000000,-1.451293,3.703681,0.000000
0.000000,0.000000,0.000000,-0.173530,0.493058,0.000000
1.000000,0.000000,0.000000,0.648390,1.274876,1.000000
1.000000,1.000000,0.000000,0.856645,4.605842,0.000000
0.000000,0.000000,1.000000,-0.488658,2.269833,0.000000
1.000000,0.000000,0.000000,1.454882,-1.060265,1.000000
0.000000,0.000000,0.000000,-1.167113,0.838482,0.000000
1.000000,0.000000,1.000000,-0.854848,-0.817637,0.000000
0.000000,0.000000,0.000000,0.024038,2.407962,0.000000
0.000000,0.000000,0.000000,2.031893,-0.781675,1.000000
0.000000,0.000000,0.000000,-0.226603,-0.479978,0.000000
0.000000,0.000000,0.000000,-1.157601,2.090030,0.000000
1.000000,0.000000,0.000000,0.089679,1.053948,1.000000
0.000000,0.000000,0.000000,0.443001,4.262013,0.000000
1.000000,0.000000,1.000000,0.912163,-1.802596,1.000000
0.000000,0.000000,0.000000,-0.428110,-1.192247,1.000000
0.000000,1.000000,0.000000,0.515440,3.826629,0.000000
0.000000,0.000000,0.000000,0.662377,2.874641,0.000000
1.000000,1.000000,0.000000,2.812172,3.601496,0.000000
0.000000,0.000000,0.000000,0.209515,2.075275,0.000000
1.000000,1.000000,1.000000,-0.682241,1.201711,0.000000
0.000000,0.000000,0.000000,-0.066481,0.061332,1.000000
0.000000,1.000000,1.000000,-1.568754,-1.243061,0.000000
0.000000,0.000000,1.000000,-1.189687,1.151759,0.000000
0.000000,0.000000,0.000000,0.445903,1.995168,0.000000
1.000000,1.000000,1.000000,0.367738,2.767101,0.000000
0.000000,0.000000,0.000000,-0.781376,1.895825,0.000000
1.000000,0.000000,1.000000,-1.044167,2.761929,0.000000
0.000000,0.000000,1.000000,-0.107781,1.790911,0.000000
0.000000,0.000000,0.000000,-0.737409,1.277980,0.000000
1.000000,0.000000,0.000000,0.472747,1.801582,0.000000
1.000000,0.000000,0.000000,1.025387,-1.274815,1.000000
0.000000,0.000000,0.000000,0.046633,3.574771,1.000000
0.000000,0.000000,0.000000,-0.152950,-0.229950,1.000000
0.000000,0.000000,0.000000,-1.569587,1.006497,0.000000
0.000000,0.000000,0.000000,-1.989308,2.095203,0.000000
1.000000,0.000000,1.000000,-0.505551,2.828832,0.000000
1.000000,0.000000,0.000000,-0.853855,3.226685,0.000000
1.000000,0.000000,0.000000,0.582850,0.739472,1.000000
0.000000,0.000000,0.000000,0.413568,1.861296,0.000000
1.000000,0.000000,0.000000,1.102647,-2.635446,1.000000
0.000000,0.000000,0.000000,-0.115026,0.817081,1.000000
0.000000,1.000000,0.000000,-0.518341,3.639954,0.000000
1.000000,1.000000,0.000000,2.646111,0.176446,1.000000
1.000000,0.000000,0.000000,-0.106044,-2.251426,1.000000
0.000000,0.000000,0.000000,0.307876,-1.700825,1.000000
1.000000,0.000000,0.000000,-0.707186,6.959150,0.000000
0.000000,0.000000,0.000000,-0.412828,2.528030,1.000000
0.000000,0.000000,1.000000,-2.137782,2.841776,0.000000
1.000000,0.000000,0.000000,1.228174,1.399531,1.000000
1.000000,0.000000,0.000000,0.731213,2.184607,1.000000
1.000000,0.000000,1.000000,-2.239240,-1.412102,1.000000
0.000000,0.000000,0.000000,0.857209,5.381519,0.000000
0.000000,0.000000,0.000000,-0.718697,2.495177,0.000000
1.000000,0.000000,1.000000,0.247159,1.406017,0.000000
1.000000,0.000000,0.000000,-0.285866,-0.808487,1.000000
1.000000,0.000000,1.000000,0.565045,0.708244,1.000000
0.000000,0.000000,0.000000,0.620624,0.801801,1.000000
0.000000,0.000000,1.000000,-1.860771,1.384669,0.000000
0.000000,0.000000,0.000000,-1.378705,1.018182,1.000000
0.000000,0.000000,0.000000,-0.232929,2.391114,0.000000
1.000000,1.000000,0.000000,1.583544,-0.535134,1.000000
0.000000,0.000000,0.000000,-0.800010,3.527183,0.000000
0.000000,0.000000,0.000000,-1.854550,4.384734,0.000000
1.000000,0.000000,1.000000,-0.678642,-0.563936,1.000000
0.000000,1.000000,0.000000,0.378571,-1.128129,1.000000
0.000000,0.000000,0.000000,-0.228811,1.272223,0.000000
0.000000,1.000000,1.000000,-0.457348,2.285414,0.000000
1.000000,1.000000,0.000000,0.721194,3.028691,0.000000
0.000000,0.000000,0.000000,-0.892000,1.215249,0.000000
1.000000,0.000000,1.000000,-1.003279,-0.754942,1.000000
0.000000,0.000000,0.000000,-0.560831,1.434988,0.000000
1.000000,0.000000,0.000000,0.824882,0.709669,1.000000
0.000000,0.000000,0.000000,-0.036322,-0.177666,1.000000
0.000000,0.000000,0.000000,0.374455,2.445980,0.000000
0.000000,1.000000,1.000000,-1.443703,5.258309,0.000000
1.000000,1.000000,0.000000,1.694045,1.285725,1.000000
0.000000,0.000000,0.000000,1.140111,1.708162,1.000000
1.000000,1.000000,1.000000,0.241340,-1.649753,1.000000
1.000000,0.000000,0.000000,0.002987,1.457771,0.000000
0.000000,0.000000,0.000000,0.419303,-0.944478,1.000000
0.000000,0.000000,1.000000,-0.939444,0.821656,0.000000
0.000000,0.000000,0.000000,-0.001914,2.552025,0.000000
0.000000,0.000000,1.000000,-2.056093,3.630611,0.000000
0.000000,0.000000,0.000000,1.251784,-0.097948,1.000000
1.000000,0.000000,0.000000,0.848048,-2.934666,0.000000
0.000000,0.000000,1.000000,-0.491807,3.130104,0.000000
0.000000,0.000000,1.000000,-1.311945,3.929144,0.000000
1.000000,0.000000,0.000000,-0.624160,-0.301852,0.000000
0.000000,0.000000,1.000000,-1.076583,1.573129,0.000000
1.000000,0.000000,0.000000,0.637445,-0.680345,1.000000
0.000000,0.000000,1.000000,-2.055888,2.807780,0.000000
0.000000,0.000000,0.000000,0.305158,-1.385977,0.000000
1.000000,1.000000,0.000000,1.553586,-1.274298,1.000000
0.000000,0.000000,0.000000,-0.359670,1.693890,0.000000
0.000000,1.000000,1.000000,-0.501236,1.591994,0.000000
1.000000,0.000000,0.000000,1.904121,-1.035688,0.000000
0.000000,0.000000,0.000000,-0.026751,-1.419030,0.000000
0.000000,0.000000,0.000000,-0.348862,-0.909569,0.000000
1.000000,1.000000,1.000000,-0.873181,1.816977,0.000000
1.000000,0.000000,0.000000,1.615106,0.497325,1.000000
1.000000,0.000000,1.000000,0.349561,3.425447,0.000000
0.000000,0.000000,0.000000,-1.030011,1.787991,1.000000
0.000000,0.000000,0.000000,1.192341,3.106403,0.000000
0.000000,0.000000,0.000000,0.530687,-1.263582,1.000000
0.000000,1.000000,0.000000,0.129810,4.279631,0.000000
0.000000,0.000000,0.000000,-0.960480,1.220110,0.000000
1.000000,1.000000,1.000000,2.456964,-0.506164,0.000000
1.000000,0.000000,0.000000,2.404120,1.254630,1.000000
1.000000,0.000000,0.000000,1.484563,1.487894,1.000000
0.000000,0.000000,0.000000,-0.272247,2.280906,0.000000
1.000000,0.000000,0.000000,1.809394,0.705279,1.000000
1.000000,0.000000,0.000000,-0.274367,-0.354226,1.000000
0.000000,0.000000,0.000000,-0.802392,0.377576,1.000000
1.000000,0.000000,1.000000,-0.574732,-1.740768,0.000000
0.000000,0.000000,0.000000,-1.875296,0.300662,0.000000
0.000000,0.000000,0.000000,0.369905,0.338906,0.000000
1.000000,1.000000,1.000000,-0.145972,-1.881620,1.000000
0.000000,0.000000,0.000000,-0.624998,2.121724,0.000000
0.000000,0.000000,0.000000,-1.741449,-1.610100,1.000000
0.000000,0.000000,0.000000,-0.267661,0.819081,0.000000
0.000000,0.000000,0.000000,-0.813248,1.283006,0.000000
0.000000,0.000000,0.000000,-0.086713,-0.058335,1.000000
1.000000,0.000000,0.000000,0.624124,-1.486234,1.000000
0.000000,1.000000,1.000000,-1.030879,1.263520,0.000000
0.000000,0.000000,1.000000,-1.881349,-1.110111,0.000000
0.000000,1.000000,0.000000,-0.012222,3.342842,0.000000
0.000000,0.000000,1.000000,-1.952334,-1.408868,0.000000
0.000000,0.000000,1.000000,-1.346691,1.309300,0.000000
1.000000,0.000000,0.000000,0.589120,2.394699,0.000000
0.000000,0.000000,0.000000,-0.042955,2.221311,0.000000
0.000000,0.000000,1.000000,0.368714,-0.129388,1.000000
1.000000,0.000000,0.000000,0.764560,-0.963342,1.000000
0.000000,0.000000,0.000000,-0.624471,-2.893670,1.000000
0.000000,0.000000,0.000000,-1.028361,1.460216,0.000000
0.000000,0.000000,1.000000,-2.529588,1.453756,0.000000
0.000000,0.000000,0.000000,-0.507306,2.016614,0.000000
1.000000,0.000000,0.000000,1.382888,0.488224,0.000000
0.000000,0.000000,1.000000,-1.490966,1.114308,0.000000
0.000000,0.000000,0.000000,-2.559865,0.411775,0.000000
1.000000,0.000000,0.000000,1.312121,1.085967,1.000000
0.000000,0.000000,1.000000,-1.680437,2.311467,0.000000
1.000000,0.000000,0.000000,0.729536,0.571993,0.000000
1.000000,0.000000,1.000000,-2.102300,2.535132,0.000000
0.000000,0.000000,0.000000,-1.196167,-1.293940,0.000000
0.000000,0.000000,0.000000,-1.734231,0.261946,0.000000
0.000000,0.000000,1.000000,-2.240358,2.978739,0.000000
0.000000,0.000000,0.000000,-1.789075,0.379418,0.000000
0.000000,0.000000,1.000000,-2.080386,1.914232,0.000000
1.000000,1.000000,0.000000,0.129456,0.123950,0.000000
0.000000,0.000000,1.000000,-2.439571,3.095392,0.000000
0.000000,0.000000,1.000000,-1.160335,2.757197,0.000000
0.000000,0.000000,0.000000,-1.383036,-0.791631,0.000000
1.000000,0.000000,0.000000,1.097030,0.431301,0.000000
0.000000,0.000000,1.000000,-1.511510,0.791617,0.000000
1.000000,1.000000,0.000000,-0.758657,1.328111,1.000000
0.000000,0.000000,0.000000,0.174302,3.215617,0.000000
0.000000,0.000000,0.000000,-0.329790,1.604894,0.000000
0.000000,0.000000,0.000000,0.340246,4.427312,1.000000
1.000000,0.000000,0.000000,0.366567,-2.448527,1.000000
1.000000,0.000000,0.000000,0.078490,-0.066449,0.000000
0.000000,0.000000,0.000000,0.665437,-0.069981,0.000000
1.000000,0.000000,1.000000,-0.938499,-1.587167,0.000000
1.000000,0.000000,1.000000,0.450864,1.394416,1.000000
1.000000,0.000000,0.000000,-0.925264,1.349869,0.000000
0.000000,0.000000,0.000000,-2.685966,1.580334,0.000000
1.000000,1.000000,1.000000,0.785133,1.155098,0.000000
0.000000,0.000000,0.000000,-0.606616,0.552768,0.000000
0.000000,0.000000,1.000000,-1.790893,1.784784,0.000000
0.000000,0.000000,0.000000,0.007483,0.107682,1.000000
1.000000,0.000000,0.000000,0.534194,-0.916983,1.000000
0.000000,0.000000,0.000000,-0.314610,-1.525027,0.000000
1.000000,1.000000,1.000000,0.154862,5.045706,0.000000
0.000000,0.000000,0.000000,-0.446614,2.044786,0.000000
0.000000,0.000000,1.000000,-1.199983,4.500841,0.000000
0.000000,0.000000,0.000000,0.478964,-2.791514,0.000000
0.000000,0.000000,0.000000,-0.115108,1.513555,1.000000
0.000000,0.000000,0.000000,-2.735917,2.448535,0.000000
0.000000,0.000000,1.000000,-0.997501,-0.617668,0.000000
0.000000,1.000000,1.000000,1.013653,6.378431,0.000000
0.000000,0.000000,0.000000,-0.294397,-0.352991,0.000000
1.000000,0.000000,1.000000,-0.939014,-0.995512,0.000000
0.000000,0.000000,1.000000,0.305606,2.047468,0.000000
0.000000,1.000000,0.000000,1.376099,2.143785,0.000000
1.000000,0.000000,1.000000,-0.206308,-1.532075,1.000000
0.000000,0.000000,0.000000,-1.065395,0.969088,0.000000
1.000000,0.000000,0.000000,3.276104,-0.333677,1.000000
1.000000,0.000000,0.000000,1.805836,0.969359,1.000000
0.000000,1.000000,0.000000,-0.018892,0.049674,0.000000
0.000000,0.000000,0.000000,-2.149128,1.315331,0.000000
0.000000,0.000000,0.000000,0.108585,-1.977488,1.000000
0.000000,0.000000,1.000000,-1.299101,0.679525,0.000000
1.000000,0.000000,0.000000,1.386217,-0.944589,1.000000
0.000000,0.000000,0.000000,0.919585,4.912421,0.000000
0.000000,0.000000,0.000000,-0.089054,1.701477,0.000000
0.000000,0.000000,0.000000,-0.310179,4.168178,0.000000
1.000000,1.000000,1.000000,-0.578328,-0.670909,0.000000
1.000000,0.000000,0.000000,1.065914,1.455581,1.000000
1.000000,0.000000,0.000000,1.608401,-4.524731,1.000000
1.000000,0.000000,0.000000,0.683915,-0.444908,1.000000
1.000000,0.000000,0.000000,0.513879,4.043029,1.000000
0.000000,1.000000,1.000000,0.660727,2.295393,0.000000
0.000000,0.000000,0.000000,-0.087278,0.252264,0.000000
0.000000,0.000000,0.000000,0.282197,0.663326,0.000000
0.000000,0.000000,0.000000,-0.519324,1.233964,0.000000
0.000000,0.000000,0.000000,0.094219,-0.076658,0.000000
1.000000,0.000000,0.000000,0.499925,1.256110,1.000000
0.000000,0.000000,0.000000,1.341590,5.243937,0.000000
1.000000,0.000000,0.000000,0.661588,-0.297014,0.000000
0.000000,0.000000,0.000000,0.526299,0.685219,1.000000
1.000000,1.000000,1.000000,-0.184991,6.038550,0.000000
0.000000,0.000000,0.000000,0.028603,-1.754215,1.000000
0.000000,0.000000,0.000000,-3.077449,-0.136026,0.000000
0.000000,0.000000,0.000000,1.327698,0.160173,0.000000
0.000000,0.000000,0.000000,-1.929175,2.499191,0.000000
0.000000,0.000000,0.000000,-1.776135,0.021994,0.000000
0.000000,0.000000,0.000000,-1.222097,3.954216,0.000000
0.000000,1.000000,0.000000,0.208579,-0.703239,0.000000
0.000000,0.000000,0.000000,-0.111135,0.191001,0.000000
0.000000,0.000000,0.000000,0.276391,2.081149,0.000000
1.000000,1.000000,1.000000,0.431526,-0.209913,0.000000
0.000000,0.000000,1.000000,-0.561497,4.189736,0.000000
0.000000,0.000000,0.000000,-1.885691,3.013390,0.000000
1.000000,0.000000,1.000000,0.128540,0.718142,0.000000
1.000000,0.000000,1.000000,0.487237,0.484991,1.000000
0.000000,1.000000,1.000000,-0.691338,5.496637,0.000000
0.000000,0.000000,1.000000,-1.120029,-1.930922,0.000000
1.000000,0.000000,0.000000,-0.114838,0.291011,0.000000
0.000000,0.000000,0.000000,0.273640,4.249667,0.000000
0.000000,0.000000,0.000000,1.134623,0.292051,1.000000
1.000000,0.000000,1.000000,-0.629628,1.406579,0.000000
1.000000,1.000000,0.000000,0.939068,-1.562577,1.000000
0.000000,1.000000,0.000000,0.283695,2.095730,0.000000
0.000000,0.000000,0.000000,0.102536,2.534878,0.000000
1.000000,0.000000,1.000000,-0.821105,-0.276008,0.000000
0.000000,0.000000,0.000000,0.475889,2.964442,0.000000
0.000000,0.000000,0.000000,0.048595,-0.448940,0.000000
0.000000,0.000000,1.000000,-0.569088,1.056394,0.000000
1.000000,1.000000,1.000000,-0.906294,0.711341,0.000000
0.000000,0.000000,0.000000,-0.264803,2.082800,0.000000
0.000000,0.000000,0.000000,0.656151,4.736138,0.000000
0.000000,0.000000,0.000000,0.804854,3.278996,0.000000
0.000000,0.000000,1.000000,-0.794813,2.825042,0.000000
0.000000,0.000000,0.000000,-0.111472,-0.070586,1.000000
0.000000,0.000000,0.000000,0.375628,-1.719469,0.000000
1.000000,0.000000,1.000000,0.642286,2.346914,0.000000
1.000000,0.000000,0.000000,-0.080849,0.372890,1.000000
0.000000,0.000000,0.000000,-0.002311,5.012137,1.000000
1.000000,1.000000,0.000000,2.966626,0.904010,1.000000
0.000000,0.000000,0.000000,0.311788,5.544165,0.000000
0.000000,0.000000,0.000000,0.405141,0.646875,0.000000
1.000000,1.000000,1.000000,-0.025942,0.293932,0.000000
0.000000,0.000000,0.000000,0.254217,2.659101,0.000000
0.000000,0.000000,0.000000,-1.878824,2.701079,0.000000
0.000000,0.000000,1.000000,-1.842236,3.118620,1.000000
0.000000,0.000000,0.000000,0.081587,3.791852,0.000000
1.000000,1.000000,0.000000,1.152193,3.900916,0.000000
1.000000,0.000000,0.000000,0.765387,-3.241059,1.000000
1.000000,1.000000,0.000000,1.921506,0.618041,1.000000
1.000000,1.000000,0.000000,-1.308358,1.832892,0.000000
1.000000,0.000000,0.000000,0.855221,-0.941729,1.000000
1.000000,0.000000,0.000000,1.384538,2.765818,0.000000
0.000000,0.000000,0.000000,-0.284490,-0.935510,0.000000
1.000000,0.000000,0.000000,0.303849,-1.010596,1.000000
0.000000,0.000000,0.000000,0.269006,3.691530,0.000000
1.000000,0.000000,0.000000,-0.039794,1.156471,0.000000
0.000000,0.000000,1.000000,-1.206879,5.031223,0.000000
1.000000,0.000000,1.000000,-0.464819,-2.349834,1.000000
1.000000,0.000000,0.000000,-0.318307,1.807356,1.000000
0.000000,1.000000,0.000000,0.245313,0.740902,0.000000
0.000000,0.000000,0.000000,-0.860343,0.841868,0.000000
0.000000,0.000000,1.000000,-0.725393,1.066654,0.000000
0.000000,0.000000,0.000000,-0.941054,-0.489861,0.000000
0.000000,0.000000,1.000000,0.076491,0.078931,1.000000
1.000000,0.000000,0.000000,0.682522,-0.955273,0.000000
1.000000,0.000000,1.000000,0.879961,-0.324586,1.000000
0.000000,0.000000,0.000000,-0.007592,-0.715944,0.000000
0.000000,0.000000,0.000000,-0.378507,2.951509,0.000000
0.000000,0.000000,0.000000,-0.565331,2.658164,0.000000
0.000000,0.000000,0.000000,0.111073,2.427739,0.000000
0.000000,0.000000,1.000000,-2.380025,4.105745,0.000000
0.000000,0.000000,1.000000,-2.212877,1.515300,0.000000
0.000000,0.000000,0.000000,0.003996,2.235760,0.000000
0.000000,0.000000,1.000000,-2.229601,2.465663,0.000000
1.000000,1.000000,1.000000,0.469520,-0.066256,0.000000
0.000000,1.000000,0.000000,0.041133,3.481688,0.000000
1.000000,0.000000,0.000000,0.013923,0.173988,0.000000
1.000000,0.000000,1.000000,-0.456468,-1.156649,0.000000
0.000000,0.000000,0.000000,0.274196,2.735050,0.000000
0.000000,0.000000,0.000000,-0.587318,0.525913,1.000000
0.000000,0.000000,0.000000,1.552677,1.370067,1.000000
1.000000,0.000000,0.000000,-0.475012,-0.293852,1.000000
0.000000,0.000000,0.000000,-0.402708,2.598055,1.000000
0.000000,0.000000,0.000000,-0.185577,2.685243,0.000000
0.000000,1.000000,0.000000,2.206463,3.530354,1.000000
0.000000,0.000000,1.000000,-0.565170,0.470095,0.000000
0.000000,0.000000,1.000000,-1.549328,3.875060,0.000000
1.000000,1.000000,1.000000,0.487004,-1.454405,0.000000
0.000000,1.000000,0.000000,-0.374385,1.845689,0.000000
1.000000,0.000000,0.000000,1.547239,-0.165403,1.000000
1.000000,0.000000,0.000000,1.835634,-0.496998,1.000000
1.000000,0.000000,1.000000,-1.168503,2.744322,0.000000
0.000000,1.000000,1.000000,-1.714288,5.639822,0.000000
0.000000,0.000000,1.000000,-0.315647,2.933367,0.000000
0.000000,0.000000,0.000000,-1.020913,-3.276100,1.000000
1.000000,0.000000,1.000000,0.016089,0.710324,0.000000
1.000000,0.000000,0.000000,0.443112,-0.362576,1.000000
0.000000,0.000000,1.000000,-1.049676,2.982977,0.000000
0.000000,0.000000,0.000000,-1.622694,2.968245,0.000000
0.000000,0.000000,0.000000,0.498267,1.209546,0.000000
1.000000,0.000000,0.000000,0.408674,-1.364737,1.000000
0.000000,1.000000,1.000000,-2.060648,5.775666,0.000000
0.000000,0.000000,1.000000,-2.183445,0.098746,0.000000
0.000000,0.000000,1.000000,1.096756,2.298502,0.000000
1.000000,1.000000,0.000000,1.933928,1.460310,0.000000
1.000000,1.000000,0.000000,1.628429,3.716867,0.000000
1.000000,0.000000,0.000000,1.913555,-1.574826,1.000000
0.000000,0.000000,0.000000,-1.142672,4.469063,0.000000
0.000000,0.000000,0.000000,0.659256,1.975366,0.000000
0.000000,0.000000,0.000000,-0.359188,3.004821,0.000000
1.000000,1.000000,1.000000,0.884080,1.432921,0.000000
0.000000,0.000000,0.000000,-0.899197,5.779049,0.000000
1.000000,0.000000,0.000000,1.053414,-0.882163,1.000000
