0.000000,0.000000,1.000000,-2.090631,0.087650,0.000000
0.000000,0.000000,0.000000,-0.128897,2.945913,0.000000
0.000000,0.000000,0.000000,0.509840,5.252433,0.000000
1.000000,0.000000,0.000000,0.448531,-0.810400,1.000000
0.000000,0.000000,0.000000,-0.630231,1.801786,0.000000
1.000000,0.000000,1.000000,-0.674595,0.477532,0.000000
0.000000,0.000000,1.000000,-1.919121,1.331770,0.000000
0.000000,0.000000,0.000000,-2.259914,1.249668,0.000000
0.000000,0.000000,1.000000,-1.954954,-2.371301,0.000000
0.000000,1.000000,0.000000,0.815707,-0.783292,0.000000
1.000000,0.000000,1.000000,0.103960,2.122357,1.000000
0.000000,0.000000,1.000000,0.938369,2.547201,1.000000
1.000000,1.000000,0.000000,2.519478,2.752972,1.000000
0.000000,1.000000,1.000000,-0.115411,3.649788,0.000000
0.000000,0.000000,0.000000,0.891299,0.047079,0.000000
1.000000,1.000000,0.000000,1.494846,-0.854020,1.000000
0.000000,0.000000,0.000000,-0.257563,3.125853,0.000000
1.000000,1.000000,1.000000,-0.061248,3.219533,0.000000
0.000000,0.000000,1.000000,-0.978845,2.799719,0.000000
0.000000,0.000000,0.000000,-1.012592,0.057965,1.000000
1.000000,0.000000,1.000000,-0.155813,-1.014603,1.000000
0.000000,0.000000,1.000000,-1.847983,0.490391,0.000000
0.000000,0.000000,1.000000,0.716059,2.756263,0.000000
1.000000,0.000000,0.000000,-0.279738,0.056953,1.000000
1.000000,0.000000,0.000000,-1.312689,0.107214,0.000000
0.000000,0.000000,0.000000,-0.798373,2.553271,0.000000
1.000000,0.000000,1.000000,-1.079442,-0.602565,0.000000
0.000000,0.000000,0.000000,-1.014947,0.858099,0.000000
0.000000,0.000000,0.000000,-1.672467,1.122120,0.000000
0.000000,0.000000,0.000000,-0.168175,2.107461,0.000000
0.000000,0.000000,1.000000,-0.756120,-1.858094,0.000000
0.000000,0.000000,0.000000,-0.523183,-0.431006,1.000000
1.000000,0.000000,0.000000,1.749989,-0.381536,0.000000
0.000000,1.000000,1.000000,-1.686828,3.874655,0.000000
1.000000,0.000000,0.000000,1.035778,0.410137,0.000000
1.000000,1.000000,1.000000,1.109383,3.905860,0.000000
1.000000,0.000000,1.000000,-1.503353,3.438697,0.000000
0.000000,0.000000,0.000000,-0.113491,-0.481330,1.000000
1.000000,1.000000,1.000000,0.283996,-0.030257,1.000000
0.000000,0.000000,0.000000,1.129529,1.589808,1.000000
1.000000,0.000000,1.000000,-1.024491,3.034356,0.000000
1.000000,1.000000,0.000000,0.794368,1.863344,1.000000
0.000000,0.000000,0.000000,0.368562,3.500954,0.000000
0.000000,0.000000,0.000000,-0.794998,4.896660,0.000000
1.000000,0.000000,0.000000,0.306803,0.928471,0.000000
1.000000,0.000000,0.000000,-0.433634,-2.651223,1.000000
1.000000,0.000000,0.000000,-0.693585,0.026978,1.000000
1.000000,1.000000,1.000000,1.039726,2.255425,1.000000
1.000000,0.000000,0.000000,2.096114,-1.570696,1.000000
0.000000,1.000000,0.000000,0.643227,3.460516,0.000000
1.000000,0.000000,1.000000,-1.270566,-2.066643,0.000000
0.000000,0.000000,1.000000,-1.048036,0.701995,0.000000
0.000000,0.000000,0.000000,1.059687,-0.953504,1.000000
0.000000,0.000000,0.000000,0.320323,0.024576,1.000000
1.000000,1.000000,0.000000,-0.603437,-0.260329,0.000000
0.000000,0.000000,0.000000,-1.491512,5.919981,0.000000
0.000000,0.000000,0.000000,0.001180,5.013093,1.000000
0.000000,0.000000,0.000000,-0.073635,2.127289,0.000000
0.000000,1.000000,1.000000,-0.464875,2.093834,0.000000
1.000000,0.000000,1.000000,0.990808,-1.207397,1.000000
0.000000,0.000000,1.000000,0.836011,1.450135,1.000000
1.000000,0.000000,0.000000,-0.940448,0.235488,1.000000
1.000000,0.000000,0.000000,0.938539,1.280258,0.000000
0.000000,0.000000,1.000000,-1.473635,4.104515,0.000000
1.000000,0.000000,0.000000,-0.229227,1.226509,0.000000
1.000000,1.000000,0.000000,3.704789,0.838050,1.000000
1.000000,1.000000,1.000000,1.147323,1.692323,0.000000
1.000000,1.000000,1.000000,-0.928614,-1.398697,0.000000
0.000000,0.000000,0.000000,-0.398060,1.321705,0.000000
0.000000,0.000000,1.000000,-1.686269,0.379454,0.000000
0.000000,0.000000,0.000000,-0.415564,0.534497,1.000000
0.000000,0.000000,0.000000,-0.822790,-1.733820,0.000000
0.000000,0.000000,0.000000,-0.454948,-0.341571,0.000000
0.000000,1.000000,1.000000,0.280467,3.254190,0.000000
0.000000,0.000000,1.000000,-2.560544,-0.039811,0.000000
1.000000,0.000000,0.000000,0.551865,1.936797,1.000000
1.000000,0.000000,0.000000,1.089656,4.706437,0.000000
0.000000,0.000000,0.000000,1.508555,2.716816,0.000000
1.000000,0.000000,0.000000,-0.193965,0.670051,1.000000
1.000000,0.000000,0.000000,-0.393792,0.003035,0.000000
1.000000,1.000000,1.000000,-0.397204,-0.256868,1.000000
0.000000,0.000000,0.000000,0.006584,2.452153,0.000000
1.000000,0.000000,1.000000,-2.155578,0.782091,1.000000
1.000000,0.000000,0.000000,0.783763,2.167266,1.000000
0.000000,0.000000,1.000000,-2.761018,1.139435,0.000000
1.000000,0.000000,1.000000,-0.961136,-1.364266,0.000000
1.000000,0.000000,1.000000,-0.365900,-0.057251,0.000000
1.000000,0.000000,0.000000,0.848315,0.135667,1.000000
0.000000,0.000000,1.000000,-2.326170,1.638251,1.000000
0.000000,0.000000,0.000000,-0.156213,1.055839,0.000000
0.000000,0.000000,1.000000,-2.736917,-0.518003,0.000000
0.000000,0.000000,0.000000,-0.292670,-3.364697,0.000000
1.000000,0.000000,0.000000,0.341911,2.430446,1.000000
1.000000,1.000000,1.000000,0.800843,-1.170814,1.000000
0.000000,0.000000,0.000000,-1.521371,3.194722,0.000000
0.000000,0.000000,0.000000,-0.595899,-0.644469,1.000000
0.000000,0.000000,0.000000,0.134374,1.418471,1.000000
1.000000,0.000000,0.000000,0.726589,1.418965,1.000000
1.000000,0.000000,0.000000,-0.208477,0.948366,0.000000
1.000000,1.000000,0.000000,1.361199,1.324978,1.000000
0.000000,0.000000,1.000000,0.328299,1.048514,0.000000
0.000000,0.000000,0.000000,-0.524559,1.915970,1.000000
1.000000,0.000000,0.000000,1.062496,0.797300,1.000000
0.000000,0.000000,1.000000,-2.247639,2.427320,0.000000
1.000000,0.000000,0.000000,0.159667,0.862404,0.000000
1.000000,0.000000,0.000000,1.252816,0.087879,1.000000
1.000000,0.000000,0.000000,0.754167,1.742634,1.000000
0.000000,0.000000,1.000000,-0.494346,0.870440,0.000000
0.000000,0.000000,0.000000,-0.701166,4.791239,0.000000
1.000000,0.000000,0.000000,-0.655178,-1.368074,1.000000
1.000000,1.000000,1.000000,0.603022,-0.168670,0.000000
1.000000,0.000000,1.000000,-0.597800,0.014827,0.000000
1.000000,0.000000,0.000000,0.264211,1.814068,0.000000
0.000000,0.000000,0.000000,0.805206,1.441625,0.000000
0.000000,1.000000,1.000000,-1.374622,1.981811,0.000000
0.000000,0.000000,0.000000,-0.572306,3.399243,0.000000
0.000000,0.000000,0.000000,1.400603,0.812037,1.000000
0.000000,0.000000,0.000000,-1.204759,-0.029469,0.000000
0.000000,0.000000,0.000000,0.261629,-0.801466,1.000000
0.000000,0.000000,0.000000,-0.073625,-2.174060,1.000000
0.000000,0.000000,1.000000,-2.545666,0.627088,0.000000
1.000000,0.000000,0.000000,0.277793,-0.821785,1.000000
1.000000,0.000000,1.000000,0.429714,-3.611403,1.000000
0.000000,0.000000,0.000000,0.203540,4.029157,0.000000
1.000000,1.000000,1.000000,0.361525,0.912590,1.000000
1.000000,0.000000,0.000000,1.076962,1.943737,0.000000
0.000000,0.000000,1.000000,-0.677142,2.265034,0.000000
1.000000,0.000000,0.000000,1.812787,1.299588,1.000000
0.000000,0.000000,0.000000,-1.389193,3.273464,0.000000
0.000000,0.000000,0.000000,-2.899330,1.901050,0.000000
0.000000,0.000000,0.000000,-0.375319,-0.804220,1.000000
1.000000,0.000000,0.000000,1.179755,-0.637222,0.000000
0.000000,0.000000,0.000000,0.424344,2.814600,1.000000
1.000000,0.000000,0.000000,-1.133763,-0.755714,0.000000
1.000000,0.000000,1.000000,0.182271,-5.050332,1.000000
0.000000,0.000000,0.000000,0.261578,-1.456698,0.000000
0.000000,0.000000,0.000000,-0.922430,1.322142,0.000000
1.000000,0.000000,0.000000,-0.475618,0.446084,1.000000
1.000000,0.000000,0.000000,3.060856,0.076596,0.000000
1.000000,0.000000,0.000000,0.730552,-1.792615,1.000000
1.000000,0.000000,0.000000,2.244769,0.842910,1.000000
0.000000,0.000000,0.000000,0.947788,-0.664322,0.000000
1.000000,1.000000,0.000000,1.233545,4.196944,0.000000
1.000000,0.000000,0.000000,0.699930,0.042169,0.000000
0.000000,0.000000,0.000000,-1.013448,0.057751,1.000000
1.000000,0.000000,0.000000,0.732872,1.232057,0.000000
0.000000,0.000000,0.000000,-1.040338,-1.306262,1.000000
0.000000,0.000000,0.000000,0.397195,2.377072,0.000000
0.000000,1.000000,0.000000,1.515414,5.048247,0.000000
0.000000,0.000000,1.000000,-1.839842,0.945445,0.000000
0.000000,0.000000,0.000000,0.204680,4.636607,0.000000
0.000000,1.000000,0.000000,0.449704,5.997554,0.000000
0.000000,0.000000,0.000000,-1.238584,-0.633796,0.000000
0.000000,0.000000,0.000000,-1.118388,4.885464,0.000000
0.000000,0.000000,0.000000,-0.677196,0.011603,1.000000
0.000000,0.000000,0.000000,1.737087,-0.178403,1.000000
0.000000,0.000000,0.000000,-1.261311,1.009543,1.000000
0.000000,0.000000,0.000000,0.015625,2.129361,1.000000
1.000000,0.000000,1.000000,-1.060518,-0.544436,0.000000
1.000000,0.000000,0.000000,0.588316,1.658664,0.000000
1.000000,1.000000,0.000000,-0.593959,-2.362461,1.000000
0.000000,0.000000,1.000000,-1.413990,3.015703,0.000000
0.000000,0.000000,0.000000,-2.504279,1.081841,1.000000
0.000000,0.000000,1.000000,-1.079342,2.974376,0.000000
1.000000,0.000000,0.000000,1.300316,0.199295,1.000000
0.000000,1.000000,0.000000,0.053138,1.523101,0.000000
0.000000,0.000000,1.000000,-1.667974,4.853593,0.000000
1.000000,1.000000,0.000000,2.202545,2.344195,1.000000
0.000000,0.000000,1.000000,-0.399951,3.525873,0.000000
1.000000,0.000000,0.000000,0.192200,0.467607,0.000000
0.000000,0.000000,0.000000,-0.066750,1.241793,0.000000
1.000000,0.000000,0.000000,-0.161537,-4.526255,1.000000
0.000000,1.000000,0.000000,-0.079668,-0.663100,0.000000
0.000000,0.000000,1.000000,-1.425078,5.577492,0.000000
0.000000,0.000000,1.000000,-1.023864,4.979634,0.000000
1.000000,0.000000,1.000000,-0.587811,-1.214176,0.000000
1.000000,0.000000,0.000000,0.538483,-0.399642,1.000000
0.000000,0.000000,0.000000,-0.848044,-0.379959,0.000000
1.000000,0.000000,0.000000,-0.795435,1.388395,0.000000
0.000000,0.000000,0.000000,-0.036834,1.661624,0.000000
0.000000,1.000000,0.000000,-0.214742,2.232727,1.000000
1.000000,0.000000,0.000000,1.242910,-3.985442,1.000000
1.000000,0.000000,0.000000,-0.416290,0.283413,0.000000
0.000000,0.000000,0.000000,-0.383678,1.363307,0.000000
0.000000,0.000000,0.000000,0.021584,0.770207,1.000000
0.000000,0.000000,0.000000,-0.876910,0.924273,0.000000
0.000000,0.000000,0.000000,-2.684474,2.388741,0.000000
1.000000,0.000000,1.000000,-1.401212,-1.837498,1.000000
1.000000,0.000000,1.000000,-1.562487,1.903538,0.000000
1.000000,0.000000,0.000000,0.033331,0.535489,1.000000
1.000000,1.000000,0.000000,2.384041,4.405055,0.000000
0.000000,0.000000,1.000000,-0.710210,3.389310,0.000000
1.000000,0.000000,0.000000,-0.399764,1.620364,1.000000
0.000000,0.000000,1.000000,-1.119910,2.566604,1.000000
0.000000,0.000000,0.000000,0.126102,1.124297,0.000000
1.000000,0.000000,0.000000,-0.162251,-1.823480,1.000000
1.000000,0.000000,0.000000,-0.097446,-1.421686,1.000000
0.000000,0.000000,1.000000,-2.414792,-0.589959,0.000000
1.000000,0.000000,0.000000,1.985385,3.006401,0.000000
0.000000,0.000000,1.000000,-1.816083,1.551725,0.000000
0.000000,0.000000,1.000000,-2.974543,2.443587,0.000000
1.000000,1.000000,1.000000,0.301733,3.238575,0.000000
0.000000,0.000000,0.000000,-2.076498,0.640689,1.000000
0.000000,0.000000,0.000000,-0.457747,-0.568990,0.000000
1.000000,1.000000,0.000000,1.278780,0.713655,1.000000
1.000000,0.000000,0.000000,0.538399,-0.421654,1.000000
0.000000,0.000000,0.000000,0.707791,1.616495,0.000000
1.000000,1.000000,0.000000,1.594558,-0.028034,0.000000
0.000000,0.000000,0.000000,0.900670,1.064030,0.000000
0.000000,0.000000,0.000000,-1.406544,0.400175,0.000000
1.000000,1.000000,1.000000,0.332502,1.033166,1.000000
1.000000,0.000000,0.000000,-0.421098,2.746105,0.000000
1.000000,0.000000,0.000000,0.200247,-2.596137,1.000000
0.000000,1.000000,1.000000,-0.545364,1.559336,0.000000
0.000000,0.000000,0.000000,-0.857324,3.030614,0.000000
0.000000,0.000000,0.000000,-0.781033,2.356213,0.000000
0.000000,0.000000,1.000000,0.114724,3.467228,0.000000
0.000000,0.000000,1.000000,-1.163249,4.298323,0.000000
1.000000,1.000000,0.000000,0.764390,4.039731,0.000000
1.000000,1.000000,0.000000,2.310674,-2.388304,1.000000
1.000000,0.000000,1.000000,-0.958138,1.935886,0.000000
0.000000,0.000000,1.000000,-1.377271,1.917595,0.000000
1.000000,1.000000,1.000000,0.604741,4.059463,0.000000
1.000000,1.000000,1.000000,-1.439722,-0.412223,0.000000
0.000000,0.000000,0.000000,0.018588,-0.469592,1.000000
0.000000,0.000000,1.000000,-0.578226,2.737970,0.000000
0.000000,0.000000,0.000000,-0.129736,4.134233,0.000000
1.000000,0.000000,1.000000,1.170889,0.902602,0.000000
0.000000,0.000000,0.000000,-1.085196,0.695519,0.000000
0.000000,0.000000,0.000000,-1.980849,-1.575201,0.000000
1.000000,0.000000,0.000000,1.484452,0.218246,1.000000
0.000000,1.000000,1.000000,-1.681090,3.566215,0.000000
0.000000,0.000000,0.000000,-0.766082,-2.730396,1.000000
1.000000,0.000000,0.000000,1.040586,0.528249,0.000000
1.000000,0.000000,1.000000,0.556119,1.820742,1.000000
1.000000,0.000000,0.000000,0.193872,-1.590720,1.000000
1.000000,0.000000,0.000000,-0.383337,3.319073,0.000000
1.000000,1.000000,0.000000,-0.036920,3.098902,1.000000
1.000000,0.000000,0.000000,-0.605656,0.019869,1.000000
0.000000,0.000000,0.000000,-0.579880,-1.014869,1.000000
1.000000,1.000000,0.000000,2.102093,-1.502575,1.000000
1.000000,0.000000,1.000000,0.178302,-2.566578,0.000000
1.000000,0.000000,1.000000,-0.056306,4.361837,0.000000
0.000000,0.000000,0.000000,-0.816489,-0.799150,0.000000
0.000000,0.000000,0.000000,-0.981880,-2.163895,1.000000
0.000000,0.000000,0.000000,-0.965740,1.376874,0.000000
0.000000,1.000000,1.000000,-0.145892,1.056727,0.000000
1.000000,1.000000,0.000000,1.699761,1.293405,0.000000
0.000000,1.000000,0.000000,0.977039,3.245802,0.000000
0.000000,1.000000,1.000000,-1.272720,1.507591,0.000000
1.000000,0.000000,0.000000,1.128455,-0.138158,1.000000
1.000000,0.000000,0.000000,0.478450,-0.756089,1.000000
0.000000,0.000000,0.000000,0.109208,1.357748,0.000000
0.000000,0.000000,1.000000,-0.544441,4.663235,0.000000
0.000000,0.000000,0.000000,-0.061748,2.343755,0.000000
0.000000,0.000000,1.000000,0.825494,3.720771,1.000000
0.000000,1.000000,1.000000,-0.349031,1.170022,0.000000
0.000000,1.000000,1.000000,-0.246094,3.086062,0.000000
0.000000,1.000000,1.000000,-0.802026,3.474101,0.000000
1.000000,0.000000,1.000000,-0.642859,0.109011,0.000000
1.000000,0.000000,1.000000,-1.657471,-2.573584,1.000000
0.000000,0.000000,0.000000,0.009056,2.163537,0.000000
1.000000,1.000000,1.000000,-0.020307,-1.760849,0.000000
1.000000,1.000000,1.000000,1.820041,-4.075609,1.000000
1.000000,1.000000,1.000000,-0.433233,1.614423,0.000000
0.000000,0.000000,0.000000,0.756549,1.789681,1.000000
1.000000,0.000000,0.000000,0.469384,0.192860,0.000000
0.000000,0.000000,1.000000,-1.019323,3.673918,0.000000
1.000000,0.000000,1.000000,-3.312055,-2.632406,0.000000
0.000000,0.000000,0.000000,-0.915440,1.673100,0.000000
1.000000,0.000000,1.000000,-0.462105,1.646970,0.000000
1.000000,1.000000,1.000000,0.272364,-1.668859,1.000000
1.000000,0.000000,0.000000,2.351744,0.427810,1.000000
1.000000,1.000000,0.000000,0.967399,-2.264816,1.000000
1.000000,0.000000,0.000000,2.557800,-3.003257,1.000000
0.000000,1.000000,0.000000,-0.359123,-0.321758,0.000000
1.000000,0.000000,0.000000,0.512992,2.014607,0.000000
0.000000,0.000000,1.000000,0.052129,1.122246,1.000000
1.000000,0.000000,0.000000,1.010547,2.479486,0.000000
0.000000,0.000000,1.000000,-1.375233,-0.111795,1.000000
1.000000,0.000000,0.000000,1.523255,-0.403530,1.000000
1.000000,0.000000,0.000000,-0.111181,0.043622,1.000000
0.000000,0.000000,0.000000,1.316496,2.109253,0.000000
0.000000,0.000000,0.000000,-1.217713,2.404012,0.000000
0.000000,0.000000,0.000000,-1.280355,1.402731,0.000000
1.000000,0.000000,0.000000,-0.736458,-4.463738,1.000000
0.000000,0.000000,1.000000,-0.762347,-0.015581,0.000000
1.000000,0.000000,1.000000,-1.433976,0.814608,0.000000
1.000000,1.000000,0.000000,0.908836,0.434917,1.000000
1.000000,1.000000,1.000000,1.106287,-0.373757,1.000000
0.000000,1.000000,1.000000,0.015598,5.298101,0.000000
1.000000,1.000000,0.000000,1.360063,-3.080748,1.000000
0.000000,0.000000,0.000000,-0.778487,-0.171599,0.000000
1.000000,0.000000,0.000000,0.306968,1.889702,0.000000
0.000000,0.000000,1.000000,-1.815968,3.150537,0.000000
0.000000,0.000000,0.000000,0.664262,3.131657,1.000000
0.000000,0.000000,0.000000,-0.476550,3.800395,0.000000
0.000000,0.000000,0.000000,-1.488782,-1.355351,1.000000
0.000000,0.000000,0.000000,-0.353088,1.819085,0.000000
0.000000,0.000000,0.000000,1.651588,-0.497035,1.000000
0.000000,0.000000,0.000000,-0.559870,2.636859,0.000000
0.000000,0.000000,0.000000,-0.792620,3.246494,0.000000
0.000000,0.000000,0.000000,0.070021,1.247942,0.000000
1.000000,0.000000,0.000000,1.509395,2.395288,0.000000
0.000000,0.000000,0.000000,-2.153539,3.108926,0.000000
0.000000,0.000000,0.000000,-0.798750,5.886926,0.000000
1.000000,0.000000,0.000000,1.189383,2.725224,0.000000
0.000000,0.000000,0.000000,0.361045,4.717319,0.000000
0.000000,0.000000,0.000000,1.411673,0.921457,0.000000
0.000000,0.000000,0.000000,0.231176,3.094870,0.000000
0.000000,0.000000,0.000000,-1.395414,1.652029,1.000000
1.000000,1.000000,1.000000,0.032288,4.881208,0.000000
0.000000,0.000000,0.000000,-0.630041,5.873899,0.000000
0.000000,1.000000,0.000000,-0.780209,4.010143,0.000000
0.000000,0.000000,1.000000,-0.958252,4.654045,0.000000
0.000000,0.000000,0.000000,-0.472635,3.097980,0.000000
1.000000,1.000000,1.000000,0.139107,-1.453267,1.000000
1.000000,1.000000,0.000000,0.436110,1.986527,0.000000
1.000000,0.000000,0.000000,0.183400,1.101401,0.000000
0.000000,0.000000,0.000000,-0.392922,1.229352,1.000000
1.000000,1.000000,1.000000,0.738258,-2.266501,1.000000
1.000000,0.000000,0.000000,-0.336980,-3.134059,1.000000
0.000000,0.000000,0.000000,0.256993,0.610041,0.000000
0.000000,0.000000,0.000000,0.473469,3.432793,0.000000
0.000000,0.000000,0.000000,-1.237949,-2.649025,0.000000
1.000000,1.000000,0.000000,0.554503,1.592248,1.000000
1.000000,0.000000,0.000000,0.548173,1.072180,1.000000
0.000000,0.000000,0.000000,-0.588892,5.162770,0.000000
0.000000,0.000000,0.000000,-0.834009,0.148258,0.000000
0.000000,1.000000,0.000000,0.227363,1.219100,0.000000
1.000000,0.000000,1.000000,-1.238859,1.117123,0.000000
0.000000,0.000000,0.000000,-1.657145,5.082024,0.000000
1.000000,1.000000,0.000000,1.552112,1.106246,0.000000
1.000000,0.000000,0.000000,0.935814,2.018659,1.000000
1.000000,1.000000,0.000000,1.899307,-0.614407,0.000000
1.000000,0.000000,0.000000,0.346164,0.321272,1.000000
1.000000,0.000000,0.000000,0.682204,0.516272,1.000000
0.000000,0.000000,0.000000,-0.114505,-2.355486,0.000000
1.000000,0.000000,1.000000,0.869516,-0.263291,0.000000
1.000000,1.000000,1.000000,-0.986801,1.085937,0.000000
1.000000,0.000000,0.000000,-0.945070,0.444497,0.000000
0.000000,0.000000,0.000000,-0.440853,3.736572,0.000000
0.000000,0.000000,0.000000,1.026923,1.771109,0.000000
0.000000,0.000000,0.000000,-0.767326,-2.244807,0.000000
0.000000,0.000000,0.000000,0.107519,3.381273,0.000000
0.000000,0.000000,0.000000,-0.819549,1.505517,0.000000
0.000000,0.000000,0.000000,-0.355366,-0.327628,1.000000
0.000000,0.000000,0.000000,-0.656900,1.826574,0.000000
0.000000,0.000000,0.000000,-0.338077,0.547644,0.000000
1.000000,0.000000,0.000000,-0.058497,1.464190,0.000000
0.000000,1.000000,0.000000,0.991235,4.324725,0.000000
0.000000,0.000000,0.000000,0.134306,3.230439,1.000000
1.000000,0.000000,0.000000,0.207285,1.126351,1.000000
0.000000,0.000000,1.000000,0.143841,-0.417791,0.000000
0.000000,0.000000,0.000000,-0.134510,-1.672341,1.000000
1.000000,1.000000,0.000000,1.777027,-0.725562,1.000000
0.000000,1.000000,0.000000,-0.920274,1.284038,0.000000
1.000000,1.000000,1.000000,0.770551,-0.764673,0.000000
0.000000,0.000000,1.000000,-1.953715,3.508633,0.000000
0.000000,0.000000,0.000000,1.169549,-0.749499,1.000000
0.000000,0.000000,0.000000,-0.212049,3.713158,0.000000
0.000000,0.000000,0.000000,-0.091968,3.379165,0.000000
0.000000,0.000000,1.000000,-2.282614,1.179420,0.000000
0.000000,0.000000,0.000000,-0.498060,1.263468,0.000000
1.000000,1.000000,0.000000,0.561346,-0.036376,1.000000
0.000000,0.000000,0.000000,-0.919989,0.125459,0.000000
0.000000,0.000000,1.000000,-0.766445,2.422866,0.000000
1.000000,0.000000,0.000000,-0.196054,1.241696,0.000000
0.000000,0.000000,0.000000,-1.415010,3.224832,0.000000
0.000000,0.000000,1.000000,-2.663084,-2.150073,0.000000
0.000000,0.000000,1.000000,-1.261334,-0.034292,0.000000
0.000000,0.000000,0.000000,-0.504472,1.475097,0.000000
0.000000,0.000000,0.000000,-0.372985,2.637150,0.000000
1.000000,0.000000,0.000000,1.382770,1.242283,0.000000
0.000000,0.000000,0.000000,0.242884,2.789363,0.000000
1.000000,1.000000,1.000000,0.145438,-0.923000,0.000000
0.000000,0.000000,1.000000,-2.010865,3.729544,0.000000
0.000000,0.000000,0.000000,-1.137911,4.939027,0.000000
0.000000,0.000000,0.000000,2.132835,2.038369,0.000000
1.000000,0.000000,1.000000,-0.061850,-0.115929,0.000000
1.000000,1.000000,1.000000,-0.714861,-0.484026,0.000000
1.000000,0.000000,0.000000,-0.306282,0.934501,0.000000
0.000000,0.000000,1.000000,-0.892141,2.287768,0.000000
1.000000,0.000000,0.000000,0.073301,1.523053,0.000000
1.000000,0.000000,1.000000,-0.522502,-0.532682,0.000000
1.000000,0.000000,1.000000,-0.102841,-1.617917,1.000000
0.000000,0.000000,0.000000,-0.862779,-0.702369,0.000000
1.000000,0.000000,1.000000,-1.909517,-0.063674,0.000000
1.000000,0.000000,0.000000,0.800570,0.157269,1.000000
1.000000,0.000000,0.000000,0.453450,-1.272222,1.000000
0.000000,1.000000,1.000000,-0.007971,2.075788,0.000000
1.000000,0.000000,0.000000,-0.644606,2.436358,0.000000
1.000000,0.000000,0.000000,1.146849,-1.024797,1.000000
1.000000,0.000000,0.000000,-1.193874,-3.543944,1.000000
0.000000,0.000000,1.000000,-0.874045,2.968575,0.000000
1.000000,0.000000,0.000000,-1.156527,-2.460676,1.000000
0.000000,0.000000,1.000000,0.548999,-0.136109,0.000000
0.000000,0.000000,0.000000,0.143506,0.371680,0.000000
1.000000,0.000000,0.000000,1.732700,-1.063295,1.000000
0.000000,0.000000,0.000000,0.038391,1.692070,0.000000
0.000000,0.000000,0.000000,-0.493340,1.847700,0.000000
1.000000,0.000000,0.000000,-0.605997,2.438898,0.000000
1.000000,0.000000,0.000000,0.678834,-1.453053,0.000000
1.000000,0.000000,0.000000,0.495688,2.687945,0.000000
1.000000,1.000000,1.000000,-0.600272,1.772898,0.000000
1.000000,0.000000,0.000000,-0.070337,-1.513459,0.000000
0.000000,0.000000,0.000000,-1.287277,3.683992,0.000000
1.000000,0.000000,0.000000,1.449110,0.031146,1.000000
0.000000,0.000000,0.000000,-0.927868,3.742148,0.000000
1.000000,1.000000,0.000000,-0.084471,0.966640,0.000000
0.000000,0.000000,1.000000,-1.049761,1.644983,0.000000
0.000000,0.000000,1.000000,-0.985144,2.670211,0.000000
1.000000,1.000000,1.000000,0.784987,4.110278,0.000000
1.000000,0.000000,0.000000,-0.492717,2.432679,1.000000
1.000000,0.000000,0.000000,1.099082,-1.398632,1.000000
0.000000,0.000000,0.000000,1.336568,0.116297,1.000000
0.000000,0.000000,0.000000,-0.270741,-1.312515,1.000000
0.000000,0.000000,0.000000,-2.235782,-0.398530,0.000000
1.000000,0.000000,0.000000,2.012750,-0.156448,1.000000
0.000000,0.000000,0.000000,-0.296969,5.466795,0.000000
0.000000,0.000000,0.000000,-2.164005,-0.008323,0.000000
0.000000,0.000000,0.000000,-0.571104,0.378328,1.000000
0.000000,0.000000,0.000000,0.065168,3.980828,0.000000
0.000000,0.000000,0.000000,-0.319736,-0.199684,1.000000
0.000000,0.000000,0.000000,0.283953,0.793974,0.000000
0.000000,0.000000,1.000000,-0.534415,2.841251,0.000000
0.000000,0.000000,0.000000,0.682601,1.404444,0.000000
1.000000,1.000000,1.000000,0.379480,-3.708694,1.000000
0.000000,0.000000,0.000000,-1.786141,-0.374781,1.000000
1.000000,0.000000,0.000000,0.765276,-0.959916,1.000000
1.000000,0.000000,0.000000,-1.132927,0.883269,0.000000
0.000000,0.000000,0.000000,-0.399102,2.680787,0.000000
0.000000,0.000000,0.000000,-0.107194,2.710214,0.000000
1.000000,0.000000,0.000000,0.335645,-2.354307,0.000000
0.000000,0.000000,1.000000,-1.755694,2.982685,0.000000
0.000000,1.000000,1.000000,-1.381211,2.904015,0.000000
1.000000,1.000000,0.000000,0.680264,2.782109,0.000000
1.000000,0.000000,1.000000,-0.368826,1.136814,1.000000
0.000000,0.000000,0.000000,0.108491,1.787444,0.000000
1.000000,1.000000,0.000000,0.880950,0.441411,0.000000
1.000000,0.000000,0.000000,-0.512692,-2.210620,1.000000
0.000000,0.000000,0.000000,-0.266476,2.610639,0.000000
1.000000,0.000000,0.000000,0.851601,0.102220,1.000000
1.000000,1.000000,0.000000,1.388103,0.889500,1.000000
0.000000,0.000000,0.000000,-0.798689,2.024323,0.000000
1.000000,0.000000,1.000000,-1.286020,3.261018,0.000000
1.000000,1.000000,1.000000,1.858039,2.006098,1.000000
1.000000,0.000000,0.000000,-0.025975,0.029795,1.000000
0.000000,0.000000,0.000000,0.030510,4.128812,0.000000
1.000000,1.000000,0.000000,2.372795,-1.763334,1.000000
0.000000,0.000000,0.000000,-0.946534,0.471275,0.000000
0.000000,0.000000,0.000000,-0.200142,3.657773,0.000000
1.000000,0.000000,1.000000,-0.943575,1.191673,0.000000
0.000000,1.000000,1.000000,-0.982894,2.651539,0.000000
0.000000,0.000000,1.000000,-0.145016,4.042293,0.000000
0.000000,0.000000,0.000000,-0.995168,2.861126,1.000000
0.000000,0.000000,0.000000,0.730069,0.825193,0.000000
1.000000,0.000000,0.000000,-0.572091,2.182484,1.000000
0.000000,0.000000,1.000000,-1.961855,2.584073,0.000000
0.000000,0.000000,0.000000,0.701959,1.144831,0.000000
0.000000,0.000000,0.000000,-0.237158,0.353941,0.000000
1.000000,0.000000,1.000000,-0.197086,2.120799,0.000000
1.000000,0.000000,0.000000,-0.253620,-0.630891,1.000000
0.000000,0.000000,0.000000,0.252871,2.653001,0.000000
1.000000,1.000000,0.000000,2.667798,-1.998561,1.000000
1.000000,1.000000,1.000000,1.449460,1.422769,1.000000
0.000000,0.000000,0.000000,1.236165,-0.966036,0.000000
0.000000,0.000000,1.000000,-1.659074,-0.329298,0.000000
1.000000,0.000000,1.000000,-0.160371,-1.104488,0.000000
0.000000,0.000000,1.000000,-1.750841,0.544813,0.000000
0.000000,0.000000,0.000000,-1.286955,-0.508605,0.000000
0.000000,0.000000,0.000000,0.222990,2.393612,0.000000
0.000000,1.000000,0.000000,0.238524,3.014849,0.000000
1.000000,0.000000,0.000000,0.975438,-0.549663,1.000000
0.000000,0.000000,1.000000,-1.396534,0.995500,0.000000
1.000000,1.000000,1.000000,-0.787213,3.194672,0.000000
0.000000,1.000000,0.000000,2.136968,4.267018,0.000000
1.000000,1.000000,0.000000,-0.790724,0.703927,0.000000
0.000000,0.000000,0.000000,-1.297264,1.107312,0.000000
1.000000,0.000000,0.000000,-0.185236,-0.283737,1.000000
0.000000,0.000000,1.000000,-2.161215,4.948298,0.000000
0.000000,0.000000,0.000000,-1.445108,2.130349,0.000000
0.000000,0.000000,0.000000,0.136457,4.131906,0.000000
0.000000,0.000000,0.000000,-1.212008,-0.306236,0.000000
0.000000,0.000000,0.000000,1.126352,4.232910,0.000000
0.000000,0.000000,1.000000,-1.888937,2.188361,0.000000
0.000000,0.000000,0.000000,-1.221875,2.400445,0.000000
0.000000,0.000000,0.000000,0.649218,-0.270530,1.000000
1.000000,0.000000,0.000000,0.154941,4.281357,0.000000
0.000000,0.000000,1.000000,0.103621,1.721299,0.000000
0.000000,0.000000,0.000000,-2.047584,-1.738692,1.000000
0.000000,0.000000,1.000000,-1.205204,3.284228,0.000000
0.000000,0.000000,0.000000,-2.420311,1.126661,0.000000
0.000000,0.000000,1.000000,-1.378682,2.661727,0.000000
0.000000,0.000000,0.000000,-0.870547,-5.850569,1.000000
0.000000,0.000000,1.000000,-1.477151,0.902780,0.000000
1.000000,0.000000,0.000000,1.413743,0.631128,1.000000
0.000000,0.000000,0.000000,-0.473884,-0.083264,0.000000
0.000000,0.000000,1.000000,-0.814884,0.761015,0.000000
0.000000,0.000000,0.000000,-0.749152,-2.141109,0.000000
0.000000,1.000000,0.000000,0.912610,4.546267,0.000000
1.000000,1.000000,0.000000,0.539827,2.039378,0.000000
0.000000,0.000000,0.000000,0.657013,3.024710,1.000000
1.000000,0.000000,0.000000,-0.154399,1.044392,0.000000
0.000000,0.000000,1.000000,-0.793289,1.581995,0.000000
0.000000,0.000000,0.000000,-0.567789,-0.741446,1.000000
1.000000,0.000000,0.000000,1.533875,-0.385029,1.000000
0.000000,0.000000,0.000000,0.460513,-0.737908,0.000000
0.000000,0.000000,0.000000,0.948025,2.639298,0.000000
0.000000,0.000000,1.000000,-0.812976,1.422415,1.000000
1.000000,1.000000,0.000000,1.595220,-1.997514,0.000000
1.000000,0.000000,1.000000,0.791551,1.437254,0.000000
0.000000,0.000000,0.000000,-0.907520,1.626037,0.000000
1.000000,0.000000,0.000000,-0.012979,1.461474,0.000000
1.000000,0.000000,1.000000,-1.191970,1.278619,1.000000
0.000000,0.000000,0.000000,-1.432113,-2.821085,1.000000
1.000000,1.000000,0.000000,1.498070,1.163051,1.000000
0.000000,1.000000,1.000000,-1.401652,2.130023,0.000000
1.000000,1.000000,1.000000,1.058114,3.679801,0.000000
1.000000,1.000000,0.000000,2.192611,-0.120177,1.000000
1.000000,0.000000,0.000000,-0.475879,-0.983266,1.000000
1.000000,1.000000,0.000000,0.422752,-0.339756,0.000000
1.000000,0.000000,1.000000,-0.390858,-0.419598,1.000000
1.000000,0.000000,1.000000,1.048284,0.642777,1.000000
1.000000,0.000000,0.000000,-0.715387,-0.557542,1.000000
0.000000,0.000000,0.000000,0.562787,2.841392,0.000000
1.000000,1.000000,1.000000,1.616639,1.820110,0.000000
1.000000,0.000000,1.000000,0.627729,0.986041,0.000000
0.000000,0.000000,1.000000,-0.892439,2.086085,0.000000
0.000000,0.000000,0.000000,0.346676,0.770090,1.000000
1.000000,0.000000,0.000000,0.454746,1.658702,1.000000
1.000000,1.000000,1.000000,-0.250035,3.295434,0.000000
1.000000,1.000000,0.000000,1.052801,-0.469247,0.000000
1.000000,1.000000,1.000000,2.065907,0.176694,0.000000
0.000000,1.000000,0.000000,1.272987,2.698842,0.000000
0.000000,0.000000,0.000000,-1.759029,0.258708,0.000000
1.000000,0.000000,0.000000,1.854122,0.189749,0.000000
1.000000,0.000000,1.000000,-0.833271,-4.044037,1.000000
1.000000,0.000000,0.000000,-1.117313,-1.371268,1.000000
0.000000,1.000000,0.000000,-0.109990,3.860043,0.000000
1.000000,0.000000,0.000000,-0.800238,1.669142,0.000000
0.000000,0.000000,0.000000,1.034067,2.115816,0.000000
0.000000,0.000000,1.000000,0.382523,0.789034,0.000000
0.000000,0.000000,0.000000,-0.606897,1.780648,0.000000
1.000000,1.000000,0.000000,1.345991,3.060904,0.000000
1.000000,0.000000,0.000000,0.460827,-0.767084,1.000000
0.000000,0.000000,0.000000,-0.811521,0.757845,1.000000
0.000000,0.000000,0.000000,0.203379,0.968566,0.000000
1.000000,1.000000,1.000000,-0.062005,2.284518,0.000000
0.000000,0.000000,0.000000,-0.062923,4.484827,0.000000
1.000000,1.000000,1.000000,-1.351413,0.461002,1.000000
0.000000,0.000000,0.000000,0.907240,4.643115,0.000000
1.000000,0.000000,0.000000,0.278684,0.635544,1.000000
1.000000,0.000000,0.000000,-0.372803,0.915820,1.000000
0.000000,0.000000,0.000000,-0.460037,-1.242063,1.000000
0.000000,0.000000,0.000000,0.690530,6.112109,0.000000
1.000000,0.000000,0.000000,1.515530,0.457071,1.000000
1.000000,0.000000,0.000000,1.093248,-2.426619,1.000000
0.000000,0.000000,1.000000,-0.747180,-0.311731,0.000000
1.000000,0.000000,0.000000,0.241386,1.791557,0.000000
1.000000,0.000000,1.000000,-1.449674,2.383110,0.000000
1.000000,0.000000,1.000000,-1.702516,1.749270,0.000000
1.000000,1.000000,1.000000,0.471488,3.201913,0.000000
0.000000,0.000000,0.000000,-0.064111,-1.256777,1.000000
1.000000,0.000000,0.000000,2.842038,0.133441,1.000000
0.000000,0.000000,1.000000,1.279210,6.470547,0.000000
0.000000,0.000000,0.000000,-0.357570,2.805395,0.000000
0.000000,0.000000,0.000000,-1.326874,0.564641,0.000000
1.000000,0.000000,0.000000,0.554163,4.218631,0.000000
0.000000,1.000000,0.000000,0.677632,2.634206,0.000000
0.000000,0.000000,0.000000,1.272015,-0.676428,1.000000
1.000000,0.000000,1.000000,-0.415838,1.382734,0.000000
1.000000,0.000000,0.000000,0.020907,4.496282,0.000000
1.000000,0.000000,0.000000,-0.453792,-1.455768,1.000000
1.000000,1.000000,1.000000,0.606328,-1.559419,0.000000
0.000000,0.000000,0.000000,0.850107,2.538292,0.000000
0.000000,0.000000,0.000000,-1.584151,1.831172,1.000000
0.000000,0.000000,1.000000,-2.784222,6.530211,0.000000
1.000000,1.000000,0.000000,1.032886,-0.761837,1.000000
0.000000,0.000000,0.000000,0.501734,1.295063,1.000000
0.000000,0.000000,0.000000,-0.575485,-0.070317,0.000000
0.000000,0.000000,1.000000,-0.730309,3.939687,0.000000
1.000000,1.000000,1.000000,0.049991,3.345719,0.000000
0.000000,0.000000,0.000000,0.022512,1.416540,0.000000
1.000000,1.000000,0.000000,1.404211,1.636531,0.000000
0.000000,0.000000,0.000000,0.158055,1.169899,1.000000
1.000000,0.000000,0.000000,1.515346,-0.276284,1.000000
0.000000,0.000000,0.000000,-0.972525,3.452205,0.000000
0.000000,1.000000,1.000000,-0.496526,1.582366,0.000000
1.000000,0.000000,1.000000,-1.210485,0.757764,0.000000
0.000000,1.000000,1.000000,-0.817507,2.223427,0.000000
0.000000,0.000000,0.000000,-0.334310,5.094305,0.000000
0.000000,0.000000,0.000000,0.730852,2.251055,1.000000
1.000000,0.000000,0.000000,0.850912,0.683214,1.000000
1.000000,0.000000,0.000000,0.731583,-1.141837,1.000000
0.000000,0.000000,0.000000,-0.746068,2.131638,0.000000
0.000000,1.000000,0.000000,-0.331337,2.642847,0.000000
0.000000,0.000000,0.000000,-2.179284,5.720387,0.000000
1.000000,0.000000,0.000000,0.057622,1.059087,0.000000
0.000000,0.000000,0.000000,-0.057519,1.029476,0.000000
1.000000,0.000000,0.000000,-0.176367,1.637232,1.000000
0.000000,0.000000,1.000000,-2.018775,0.246806,0.000000
1.000000,1.000000,0.000000,2.370077,2.022688,1.000000
0.000000,0.000000,0.000000,-0.405634,-1.437601,0.000000
1.000000,0.000000,0.000000,1.021020,1.059092,1.000000
1.000000,0.000000,0.000000,0.501295,1.984855,0.000000
1.000000,0.000000,0.000000,1.380760,-2.764706,1.000000
1.000000,1.000000,0.000000,0.743849,-0.697684,0.000000
0.000000,0.000000,1.000000,-0.856540,3.217425,0.000000
1.000000,0.000000,1.000000,0.632339,0.416765,1.000000
0.000000,0.000000,0.000000,0.403199,-1.858247,1.000000
1.000000,0.000000,0.000000,-0.620753,1.923264,1.000000
0.000000,0.000000,0.000000,-0.727484,1.849816,0.000000
0.000000,0.000000,0.000000,-0.744376,2.760012,0.000000
0.000000,0.000000,1.000000,-1.376812,1.639754,0.000000
1.000000,0.000000,0.000000,-0.291687,-2.165995,1.000000
0.000000,0.000000,1.000000,-1.169441,0.559874,0.000000
1.000000,0.000000,0.000000,-1.645803,1.892053,0.000000
0.000000,0.000000,0.000000,-0.732828,-1.849228,0.000000
1.000000,0.000000,0.000000,0.999015,0.076577,1.000000
1.000000,0.000000,1.000000,-1.100207,0.449843,0.000000
0.000000,1.000000,1.000000,0.782884,6.453240,0.000000
1.000000,0.000000,0.000000,-1.011274,0.451920,0.000000
0.000000,0.000000,0.000000,0.025915,-1.317435,1.000000
0.000000,0.000000,0.000000,0.455079,2.646693,0.000000
1.000000,0.000000,0.000000,0.751911,2.156114,1.000000
1.000000,1.000000,0.000000,2.280262,4.098136,0.000000
1.000000,1.000000,1.000000,-0.233282,2.089291,0.000000
0.000000,0.000000,0.000000,-1.146949,1.614954,0.000000
0.000000,0.000000,1.000000,-2.232830,-0.557410,0.000000
0.000000,0.000000,1.000000,-1.921087,4.509290,0.000000
0.000000,0.000000,0.000000,-1.204314,3.474875,0.000000
1.000000,0.000000,0.000000,2.186759,-2.156056,1.000000
0.000000,0.000000,0.000000,0.227175,2.808285,0.000000
0.000000,0.000000,0.000000,0.148325,3.492353,0.000000
0.000000,0.000000,0.000000,-0.491075,0.073379,1.000000
0.000000,1.000000,1.000000,-0.874660,3.059804,0.000000
0.000000,0.000000,1.000000,-0.560176,3.696533,0.000000
0.000000,0.000000,0.000000,0.595164,-0.043141,0.000000
0.000000,0.000000,1.000000,-2.004922,-2.617514,0.000000
1.000000,0.000000,0.000000,0.073924,1.995256,0.000000
1.000000,1.000000,1.000000,-0.451916,-1.715563,0.000000
1.000000,0.000000,0.000000,0.408784,2.609153,0.000000
1.000000,0.000000,0.000000,0.195716,-2.077549,1.000000
1.000000,0.000000,0.000000,-1.104270,-1.868967,1.000000
0.000000,1.000000,0.000000,0.323913,0.191559,0.000000
0.000000,0.000000,0.000000,0.865708,-0.070440,0.000000
1.000000,0.000000,1.000000,-0.907385,-0.251952,1.000000
0.000000,0.000000,0.000000,-0.955584,0.072407,0.000000
1.000000,1.000000,1.000000,-0.064150,2.331940,0.000000
1.000000,0.000000,0.000000,0.280863,1.396237,1.000000
1.000000,0.000000,0.000000,0.320425,-1.205804,0.000000
1.000000,0.000000,0.000000,-1.421692,-1.687682,0.000000
1.000000,1.000000,1.000000,-0.210367,1.527617,0.000000
1.000000,0.000000,0.000000,-1.375194,0.290971,1.000000
0.000000,0.000000,0.000000,-0.310977,1.508600,0.000000
0.000000,0.000000,0.000000,0.555188,-0.748486,1.000000
1.000000,1.000000,0.000000,0.320293,0.489787,1.000000
0.000000,0.000000,0.000000,-0.184652,0.972218,1.000000
0.000000,0.000000,0.000000,-0.067367,-1.057585,0.000000
0.000000,0.000000,0.000000,-2.132422,-1.001384,1.000000
0.000000,1.000000,0.000000,1.003476,2.842968,0.000000
0.000000,0.000000,0.000000,-1.350143,1.611656,0.000000
0.000000,0.000000,0.000000,0.188803,1.521370,0.000000
0.000000,0.000000,1.000000,-2.032578,2.810392,0.000000
0.000000,1.000000,0.000000,0.318039,2.566578,1.000000
0.000000,1.000000,0.000000,-0.211895,0.060972,1.000000
1.000000,1.000000,0.000000,1.643785,0.412232,1.000000
0.000000,0.000000,0.000000,0.224104,2.628405,0.000000
0.000000,0.000000,1.000000,-2.249222,0.820440,0.000000
0.000000,0.000000,0.000000,0.781363,-1.812284,0.000000
0.000000,0.000000,0.000000,-1.251194,4.509115,0.000000
1.000000,1.000000,0.000000,0.911185,1.752731,0.000000
0.000000,0.000000,1.000000,-0.939632,0.138664,1.000000
0.000000,0.000000,0.000000,-1.378727,3.210716,0.000000
0.000000,0.000000,0.000000,-1.143572,4.531143,0.000000
0.000000,0.000000,0.000000,-0.635239,-0.132399,0.000000
0.000000,0.000000,0.000000,0.081558,3.959552,0.000000
0.000000,0.000000,1.000000,1.090792,2.428008,0.000000
0.000000,0.000000,0.000000,-1.581907,-1.806461,0.000000
1.000000,1.000000,1.000000,-0.303609,1.979526,0.000000
0.000000,1.000000,0.000000,0.608817,1.680016,1.000000
1.000000,0.000000,0.000000,-0.868578,0.691904,1.000000
0.000000,0.000000,0.000000,0.451315,2.465083,1.000000
1.000000,0.000000,0.000000,0.284994,0.382593,0.000000
0.000000,0.000000,0.000000,0.171529,2.457173,0.000000
0.000000,0.000000,0.000000,-0.074137,2.642229,0.000000
0.000000,0.000000,0.000000,-0.258361,5.121239,0.000000
0.000000,1.000000,1.000000,-1.195885,1.357301,0.000000
0.000000,0.000000,0.000000,0.072870,1.740855,0.000000
0.000000,1.000000,0.000000,-0.091914,-0.540797,0.000000
1.000000,1.000000,0.000000,0.850119,3.239830,0.000000
0.000000,0.000000,0.000000,0.067943,-0.321608,0.000000
0.000000,0.000000,0.000000,0.403098,-0.266629,1.000000
1.000000,0.000000,0.000000,1.554277,1.458662,0.000000
0.000000,0.000000,1.000000,-0.602646,4.030432,0.000000
1.000000,1.000000,0.000000,1.548630,1.282779,0.000000
0.000000,0.000000,1.000000,-0.770470,6.381380,0.000000
1.000000,1.000000,0.000000,-0.067784,-0.141489,0.000000
0.000000,0.000000,0.000000,-0.751015,1.898946,0.000000
0.000000,0.000000,0.000000,0.629234,2.392666,0.000000
0.000000,0.000000,0.000000,-0.173620,4.253548,0.000000
1.000000,0.000000,0.000000,1.197055,-0.970805,0.000000
1.000000,0.000000,0.000000,1.062522,2.455126,0.000000
1.000000,0.000000,0.000000,0.325217,0.464663,1.000000
0.000000,0.000000,0.000000,0.038937,-1.203042,1.000000
1.000000,0.000000,1.000000,-0.007990,-0.051216,0.000000
0.000000,0.000000,0.000000,0.096458,2.856035,0.000000
0.000000,0.000000,0.000000,0.664693,5.856259,0.000000
0.000000,0.000000,0.000000,-0.613487,0.009914,1.000000
1.000000,0.000000,1.000000,-0.242536,1.247006,0.000000
0.000000,0.000000,1.000000,-1.283037,4.451905,0.000000
0.000000,0.000000,0.000000,0.083755,0.344807,0.000000
1.000000,1.000000,0.000000,0.611849,-1.464081,0.000000
0.000000,0.000000,0.000000,-0.539420,-0.622683,1.000000
0.000000,0.000000,0.000000,1.220053,5.258516,0.000000
0.000000,0.000000,0.000000,0.041661,-3.325909,0.000000
1.000000,0.000000,0.000000,0.162793,-0.131853,1.000000
1.000000,1.000000,1.000000,0.433993,0.399999,0.000000
0.000000,0.000000,0.000000,0.491141,1.581934,0.000000
1.000000,0.000000,0.000000,1.963922,-0.468445,0.000000
1.000000,0.000000,0.000000,0.571598,-0.833488,0.000000
0.000000,0.000000,1.000000,-1.760498,0.377280,1.000000
0.000000,0.000000,0.000000,-0.713602,0.943371,0.000000
1.000000,1.000000,0.000000,0.533665,-1.869239,0.000000
1.000000,0.000000,0.000000,1.298308,0.173158,0.000000
0.000000,0.000000,0.000000,-1.566030,4.223291,0.000000
1.000000,1.000000,1.000000,0.115862,-1.061666,1.000000
1.000000,0.000000,0.000000,-0.344334,-0.414625,0.000000
0.000000,0.000000,0.000000,-1.329929,0.997499,0.000000
0.000000,0.000000,0.000000,-1.481356,1.706702,1.000000
0.000000,1.000000,0.000000,-0.425158,2.578426,0.000000
0.000000,0.000000,0.000000,1.295105,2.481351,1.000000
0.000000,0.000000,0.000000,-0.349560,1.542873,0.000000
0.000000,1.000000,1.000000,0.513852,2.579619,0.000000
0.000000,0.000000,0.000000,-0.578834,1.263921,0.000000
1.000000,1.000000,0.000000,1.155769,1.811656,1.000000
0.000000,1.000000,1.000000,-0.601268,2.378917,0.000000
0.000000,0.000000,0.000000,-0.474622,-0.066857,0.000000
0.000000,0.000000,0.000000,-0.403784,0.124104,0.000000
1.000000,1.000000,1.000000,-0.112210,1.176996,0.000000
1.000000,0.000000,0.000000,-0.428450,-1.132046,1.000000
0.000000,0.000000,1.000000,-0.279200,1.781863,0.000000
0.000000,0.000000,1.000000,-2.121424,3.433302,0.000000
1.000000,0.000000,0.000000,0.639539,0.239061,1.000000
1.000000,0.000000,1.000000,0.284210,-2.706860,0.000000
0.000000,1.000000,0.000000,0.248242,0.885679,0.000000
0.000000,0.000000,0.000000,-1.742144,0.105127,0.000000
1.000000,0.000000,1.000000,0.590207,3.135450,0.000000
0.000000,0.000000,1.000000,-1.991323,-0.545473,0.000000
0.000000,0.000000,1.000000,-1.500110,5.849034,0.000000
1.000000,0.000000,0.000000,0.276573,1.606416,1.000000
0.000000,0.000000,0.000000,0.183397,1.888245,0.000000
1.000000,1.000000,1.000000,0.651333,-0.104823,0.000000
0.000000,0.000000,0.000000,-0.287952,5.163238,0.000000
0.000000,0.000000,0.000000,-0.613057,2.254027,0.000000
0.000000,0.000000,0.000000,-0.555339,-4.682290,1.000000
0.000000,0.000000,0.000000,-0.139358,1.960762,1.000000
0.000000,0.000000,0.000000,0.376204,-0.534965,1.000000
0.000000,0.000000,0.000000,-1.946948,2.614738,0.000000
0.000000,0.000000,0.000000,-1.760429,3.883174,0.000000
0.000000,0.000000,1.000000,-0.809566,5.331984,0.000000
1.000000,1.000000,0.000000,1.506904,2.581815,0.000000
1.000000,0.000000,1.000000,-1.598474,1.008027,1.000000
1.000000,0.000000,1.000000,-0.030071,2.724264,0.000000
1.000000,0.000000,0.000000,-0.075393,-0.571793,0.000000
0.000000,0.000000,0.000000,-0.265986,-1.161205,0.000000
1.000000,1.000000,1.000000,1.526638,2.239056,0.000000
0.000000,0.000000,1.000000,-0.643868,4.857427,0.000000
1.000000,1.000000,0.000000,1.173857,0.722952,0.000000
1.000000,0.000000,1.000000,-1.653996,1.042173,0.000000
0.000000,0.000000,1.000000,-0.480107,1.277877,0.000000
1.000000,0.000000,1.000000,-1.141052,-0.673935,0.000000
0.000000,0.000000,0.000000,-2.375855,4.204320,0.000000
1.000000,0.000000,0.000000,-0.044321,-0.935135,1.000000
0.000000,0.000000,0.000000,-0.575224,1.364229,0.000000
0.000000,0.000000,1.000000,-0.393844,2.520191,0.000000
0.000000,0.000000,0.000000,0.092078,-0.986573,0.000000
0.000000,0.000000,1.000000,-1.003612,4.153692,0.000000
0.000000,0.000000,0.000000,-1.692857,4.134363,0.000000
0.000000,0.000000,1.000000,-0.241866,2.390184,0.000000
0.000000,0.000000,1.000000,0.013275,1.996984,1.000000
1.000000,0.000000,0.000000,-0.603461,1.269683,1.000000
0.000000,1.000000,0.000000,0.952896,3.064319,0.000000
0.000000,0.000000,1.000000,-1.959644,1.971392,0.000000
0.000000,0.000000,1.000000,-0.462495,4.067680,0.000000
1.000000,0.000000,0.000000,-0.678409,-0.084553,1.000000
1.000000,0.000000,0.000000,0.357972,1.790201,0.000000
0.000000,0.000000,0.000000,-1.194660,1.483997,0.000000
0.000000,0.000000,0.000000,-3.007005,-1.425146,0.000000
0.000000,0.000000,0.000000,0.945408,0.800717,0.000000
1.000000,0.000000,0.000000,-0.590897,-1.512014,1.000000
0.000000,0.000000,0.000000,-0.395037,1.867890,0.000000
0.000000,1.000000,0.000000,0.053125,0.818245,0.000000
0.000000,0.000000,1.000000,-1.940111,3.129080,0.000000
1.000000,0.000000,0.000000,1.406658,-3.783544,1.000000
1.000000,0.000000,0.000000,1.005764,1.993937,0.000000
1.000000,0.000000,0.000000,-0.109996,-1.815761,1.000000
1.000000,1.000000,0.000000,2.212818,0.247575,0.000000
0.000000,0.000000,0.000000,-0.714275,0.145543,0.000000
1.000000,1.000000,0.000000,1.905442,-0.685808,1.000000
0.000000,0.000000,1.000000,-0.992779,-2.033447,1.000000
1.000000,0.000000,0.000000,1.003532,-3.135773,1.000000
1.000000,0.000000,0.000000,0.144341,0.051896,0.000000
0.000000,0.000000,1.000000,-0.940665,1.559233,1.000000
0.000000,0.000000,1.000000,0.674170,-0.609721,1.000000
1.000000,0.000000,0.000000,0.602165,3.225077,0.000000
1.000000,0.000000,0.000000,-0.964941,2.134273,0.000000
1.000000,1.000000,1.000000,-0.243382,1.516766,0.000000
0.000000,0.000000,0.000000,-0.689991,-0.149759,0.000000
0.000000,0.000000,1.000000,-2.900706,1.363389,0.000000
0.000000,0.000000,0.000000,-0.868031,-1.575437,1.000000
1.000000,0.000000,0.000000,0.911914,-0.868817,1.000000
0.000000,0.000000,1.000000,-1.609701,2.481219,0.000000
0.000000,0.000000,0.000000,0.744494,2.874966,0.000000
0.000000,0.000000,0.000000,2.065828,2.256745,0.000000
1.000000,1.000000,0.000000,1.965909,-1.626340,1.000000
0.000000,0.000000,0.000000,-0.336716,3.293052,0.000000
0.000000,0.000000,0.000000,-0.682164,1.765602,0.000000
0.000000,0.000000,0.000000,-0.855370,1.627139,0.000000
0.000000,1.000000,0.000000,0.446403,1.410291,1.000000
0.000000,0.000000,0.000000,1.019698,3.766440,0.000000
0.000000,1.000000,1.000000,-0.711534,3.437671,0.000000
0.000000,0.000000,0.000000,-0.965042,4.498964,0.000000
1.000000,0.000000,0.000000,0.581354,0.687643,0.000000
0.000000,0.000000,0.000000,0.355457,0.390435,0.000000
0.000000,0.000000,1.000000,-1.543232,-0.273084,0.000000
0.000000,0.000000,0.000000,-0.439907,1.861881,0.000000
1.000000,0.000000,0.000000,1.249723,1.328735,0.000000
1.000000,0.000000,0.000000,1.371503,-0.116978,1.000000
0.000000,0.000000,0.000000,0.088657,1.916195,0.000000
1.000000,0.000000,0.000000,-0.212240,0.667001,1.000000
0.000000,0.000000,1.000000,-2.532475,2.222588,0.000000
0.000000,0.000000,0.000000,-1.278864,2.699368,0.000000
0.000000,0.000000,1.000000,-0.667985,1.389255,0.000000
0.000000,1.000000,1.000000,0.722382,3.853679,0.000000
0.000000,1.000000,1.000000,-0.700802,6.824263,0.000000
1.000000,0.000000,1.000000,-0.350915,-0.888562,0.000000
0.000000,1.000000,1.000000,-0.173835,4.568578,1.000000
0.000000,0.000000,0.000000,0.431771,1.769516,1.000000
0.000000,0.000000,1.000000,-1.424555,4.835725,0.000000
1.000000,0.000000,0.000000,1.881793,-1.312667,1.000000
0.000000,0.000000,0.000000,1.210987,1.320801,0.000000
0.000000,1.000000,0.000000,1.119014,0.473525,0.000000
0.000000,0.000000,1.000000,0.292071,2.537298,0.000000
1.000000,1.000000,1.000000,1.231617,0.696069,0.000000
1.000000,0.000000,1.000000,-0.461006,-0.426492,0.000000
1.000000,0.000000,0.000000,0.493901,-1.723475,0.000000
0.000000,0.000000,0.000000,-0.034947,3.075049,0.000000
0.000000,0.000000,0.000000,-0.114824,-0.041077,1.000000
1.000000,0.000000,1.000000,0.559117,2.677097,1.000000
0.000000,0.000000,0.000000,0.089124,2.213890,0.000000
1.000000,0.000000,0.000000,0.954377,0.862967,0.000000
1.000000,0.000000,0.000000,0.304603,-3.104656,1.000000
1.000000,0.000000,0.000000,1.287498,2.747552,0.000000
0.000000,0.000000,0.000000,0.703157,0.751193,0.000000
0.000000,0.000000,1.000000,-2.852343,3.149746,0.000000
0.000000,1.000000,1.000000,0.083219,2.503106,0.000000
1.000000,0.000000,0.000000,0.415602,0.013042,0.000000
0.000000,0.000000,0.000000,-1.613122,-1.455108,0.000000
0.000000,0.000000,0.000000,0.162430,0.560566,1.000000
1.000000,1.000000,1.000000,-1.489228,-2.452888,1.000000
0.000000,0.000000,0.000000,-0.757985,2.189478,0.000000
0.000000,1.000000,1.000000,-0.391313,4.174562,0.000000
0.000000,1.000000,1.000000,0.727056,2.815374,0.000000
0.000000,0.000000,0.000000,-0.167396,0.309153,0.000000
1.000000,1.000000,0.000000,1.325787,2.074370,1.000000
1.000000,1.000000,1.000000,-0.004907,2.747033,0.000000
1.000000,0.000000,0.000000,0.723827,0.574620,1.000000
0.000000,0.000000,0.000000,0.399435,0.328979,1.000000
1.000000,0.000000,1.000000,-0.250395,-0.883729,1.000000
1.000000,0.000000,1.000000,-0.973542,3.311109,0.000000
0.000000,0.000000,0.000000,-1.826742,4.053890,0.000000
1.000000,1.000000,0.000000,2.579685,1.470167,1.000000
0.000000,0.000000,0.000000,-1.117911,0.234298,0.000000
0.000000,0.000000,0.000000,-0.279188,4.261650,0.000000
0.000000,1.000000,0.000000,0.757498,4.364169,0.000000
0.000000,0.000000,0.000000,-0.033007,0.306858,0.000000
0.000000,0.000000,0.000000,-1.033162,1.194605,0.000000
0.000000,0.000000,0.000000,-0.413621,1.041389,0.000000
0.000000,1.000000,0.000000,0.415383,2.942035,0.000000
1.000000,0.000000,1.000000,-1.162659,1.762420,0.000000
0.000000,0.000000,0.000000,-1.134311,0.421219,0.000000
0.000000,0.000000,0.000000,-1.179737,-0.130248,0.000000
0.000000,0.000000,0.000000,0.187791,0.387372,1.000000
0.000000,0.000000,0.000000,1.340750,4.772281,1.000000
1.000000,0.000000,1.000000,-2.397201,0.878094,0.000000
0.000000,0.000000,0.000000,-1.469392,2.868668,0.000000
1.000000,1.000000,0.000000,1.267441,5.706781,0.000000
1.000000,0.000000,0.000000,2.160722,0.733983,1.000000
0.000000,0.000000,0.000000,-1.639648,1.382852,1.000000
1.000000,0.000000,1.000000,-1.331335,-3.080645,1.000000
0.000000,0.000000,0.000000,-0.358702,2.506215,0.000000
1.000000,1.000000,1.000000,-0.449049,2.159227,1.000000
0.000000,0.000000,0.000000,0.690236,-2.011758,1.000000
0.000000,0.000000,0.000000,0.628268,2.022414,0.000000
0.000000,0.000000,0.000000,0.297032,-2.858177,1.000000
1.000000,0.000000,1.000000,-0.421816,-0.906974,0.000000
1.000000,1.000000,1.000000,0.432331,1.447663,1.000000
0.000000,1.000000,1.000000,0.964991,2.620574,0.000000
0.000000,1.000000,1.000000,0.902607,1.738623,0.000000
0.000000,0.000000,1.000000,-1.198515,1.591059,0.000000
1.000000,1.000000,1.000000,-0.112249,2.302592,0.000000
0.000000,0.000000,0.000000,-0.691247,1.785729,0.000000
1.000000,1.000000,1.000000,-0.880430,1.963834,0.000000
1.000000,0.000000,0.000000,1.147697,-3.308868,1.000000
1.000000,0.000000,0.000000,1.708989,0.040161,0.000000
0.000000,0.000000,0.000000,-0.775497,0.106483,0.000000
0.000000,0.000000,1.000000,-1.410438,-2.846409,0.000000
1.000000,0.000000,1.000000,-1.371629,0.694453,0.000000
1.000000,0.000000,0.000000,1.325269,-2.278481,1.000000
1.000000,0.000000,1.000000,-1.222372,-1.694251,1.000000
1.000000,1.000000,1.000000,1.335131,-0.428232,1.000000
0.000000,0.000000,1.000000,-1.277810,2.628564,0.000000
0.000000,0.000000,0.000000,0.992635,5.324197,0.000000
0.000000,0.000000,0.000000,-2.163596,4.670337,0.000000
1.000000,0.000000,0.000000,0.652996,1.785407,1.000000
0.000000,1.000000,1.000000,-0.692837,3.436873,0.000000
1.000000,1.000000,1.000000,1.545173,-0.135752,0.000000
0.000000,0.000000,0.000000,-1.446002,-0.502347,0.000000
1.000000,1.000000,1.000000,0.031561,3.338326,0.000000
1.000000,0.000000,1.000000,0.148696,1.956327,0.000000
0.000000,0.000000,0.000000,0.162262,2.906010,0.000000
0.000000,1.000000,1.000000,0.127199,3.258199,0.000000
1.000000,0.000000,0.000000,3.168510,2.690408,1.000000
0.000000,0.000000,1.000000,-0.468989,1.479078,0.000000
1.000000,0.000000,0.000000,-0.345037,-1.473710,0.000000
0.000000,1.000000,1.000000,-1.279668,4.881065,0.000000
0.000000,0.000000,0.000000,-1.019982,-1.316943,0.000000
0.000000,0.000000,0.000000,-0.738725,1.677106,0.000000
0.000000,0.000000,0.000000,-0.613849,3.613634,0.000000
1.000000,0.000000,1.000000,-0.426983,0.690943,0.000000
0.000000,0.000000,0.000000,1.290286,4.941951,0.000000
0.000000,1.000000,0.000000,0.537661,2.420503,0.000000
0.000000,0.000000,0.000000,1.120532,0.566652,0.000000
0.000000,0.000000,0.000000,-0.480475,4.420391,0.000000
1.000000,1.000000,0.000000,1.278978,2.522882,0.000000
1.000000,0.000000,1.000000,-0.239259,0.585721,0.000000
0.000000,0.000000,0.000000,-1.488792,0.478653,0.000000
0.000000,0.000000,0.000000,-1.040036,-3.401087,1.000000
0.000000,0.000000,0.000000,-1.061330,2.514945,0.000000
0.000000,0.000000,0.000000,-1.564156,2.804536,0.000000
1.000000,0.000000,0.000000,0.552150,1.855396,0.000000
0.000000,0.000000,0.000000,-2.002880,1.879848,0.000000
0.000000,0.000000,1.000000,0.339688,1.738195,1.000000
1.000000,0.000000,0.000000,0.050365,-2.564635,1.000000
1.000000,1.000000,0.000000,0.374331,1.864072,1.000000
0.000000,0.000000,0.000000,-0.015461,0.338085,0.000000
0.000000,0.000000,1.000000,-2.683426,0.922588,0.000000
0.000000,0.000000,0.000000,-1.267783,1.999405,0.000000
0.000000,0.000000,0.000000,-0.104143,5.386119,0.000000
1.000000,1.000000,0.000000,0.637640,-1.089204,0.000000
0.000000,0.000000,1.000000,-1.718542,1.517991,0.000000
0.000000,0.000000,1.000000,-1.184637,-1.578256,1.000000
1.000000,0.000000,0.000000,1.463260,3.933450,0.000000
0.000000,0.000000,1.000000,-0.173994,3.690114,1.000000
1.000000,1.000000,0.000000,1.975314,-3.417238,1.000000
0.000000,0.000000,1.000000,-0.667216,-0.779966,0.000000
1.000000,0.000000,0.000000,1.186559,-0.448802,1.000000
0.000000,0.000000,0.000000,0.975305,-3.522800,1.000000
1.000000,0.000000,0.000000,-0.375356,-2.791226,1.000000
0.000000,1.000000,0.000000,-0.039909,1.251807,1.000000
0.000000,0.000000,0.000000,0.433019,4.919560,0.000000
1.000000,1.000000,0.000000,0.868006,1.669182,0.000000
0.000000,1.000000,1.000000,1.126832,1.094802,0.000000
1.000000,0.000000,0.000000,-0.369139,-2.113873,0.000000
1.000000,1.000000,1.000000,1.552313,2.052590,0.000000
1.000000,1.000000,1.000000,1.779170,3.275462,0.000000
1.000000,0.000000,1.000000,-0.542203,1.594738,0.000000
0.000000,0.000000,1.000000,-2.199541,1.728826,0.000000
1.000000,0.000000,0.000000,0.564248,-0.049876,1.000000
1.000000,0.000000,0.000000,1.812416,4.533883,0.000000
1.000000,0.000000,0.000000,2.341990,1.039755,1.000000
0.000000,0.000000,1.000000,-1.672703,3.164302,0.000000
0.000000,0.000000,1.000000,-2.228848,8.209294,0.000000
0.000000,0.000000,0.000000,-0.180173,-1.840245,1.000000
0.000000,0.000000,0.000000,-1.298305,2.436010,0.000000
0.000000,0.000000,0.000000,-0.588981,0.539249,0.000000
0.000000,0.000000,1.000000,-1.525584,0.016647,1.000000
0.000000,0.000000,1.000000,-0.148328,3.125539,0.000000
0.000000,0.000000,0.000000,-1.460470,0.137016,0.000000
0.000000,0.000000,1.000000,-1.574487,2.072792,0.000000
1.000000,0.000000,0.000000,2.278239,2.544680,1.000000
0.000000,0.000000,1.000000,-0.010128,2.659510,0.000000
1.000000,0.000000,0.000000,-1.188466,-0.593802,1.000000
0.000000,0.000000,1.000000,-0.639088,5.007478,0.000000
0.000000,0.000000,0.000000,0.328962,1.418996,0.000000
1.000000,0.000000,1.000000,0.691414,-0.149818,1.000000
0.000000,0.000000,0.000000,-1.758071,5.859859,0.000000
0.000000,0.000000,1.000000,-1.992616,4.363903,0.000000
0.000000,0.000000,0.000000,0.110563,2.769244,0.000000
0.000000,0.000000,0.000000,-1.299615,-1.391630,0.000000
1.000000,0.000000,0.000000,1.286681,0.526817,1.000000
0.000000,0.000000,0.000000,-0.078367,-0.614854,0.000000
0.000000,1.000000,1.000000,0.198947,2.527492,0.000000
0.000000,0.000000,1.000000,-1.473978,3.305163,0.000000
1.000000,0.000000,0.000000,0.914359,3.776495,0.000000
0.000000,0.000000,0.000000,-0.183536,0.096665,0.000000
0.000000,0.000000,1.000000,-1.982058,0.798429,0.000000
0.000000,0.000000,0.000000,-1.290380,0.353031,0.000000
