0.000000,0.000000,0.000000,0.714346,0.962654,1.000000
0.000000,0.000000,0.000000,0.380456,3.859289,0.000000
0.000000,0.000000,0.000000,-0.403243,1.180450,0.000000
0.000000,0.000000,0.000000,-0.394632,0.194202,0.000000
0.000000,0.000000,0.000000,-0.581146,1.253201,0.000000
0.000000,0.000000,1.000000,-3.109330,2.213092,0.000000
0.000000,0.000000,0.000000,-0.404090,1.268644,1.000000
0.000000,0.000000,0.000000,-0.914382,1.369305,0.000000
0.000000,0.000000,0.000000,-0.288387,0.091643,1.000000
0.000000,0.000000,0.000000,-0.668822,6.240126,0.000000
0.000000,0.000000,1.000000,-0.555191,4.820843,0.000000
0.000000,0.000000,0.000000,0.884242,0.829173,0.000000
1.000000,0.000000,1.000000,-0.288179,-1.423026,0.000000
1.000000,0.000000,1.000000,-0.639943,-0.570623,0.000000
1.000000,1.000000,1.000000,0.289482,2.179920,0.000000
0.000000,0.000000,0.000000,0.832353,0.858741,0.000000
1.000000,1.000000,1.000000,1.210141,3.625945,0.000000
1.000000,1.000000,1.000000,-0.129603,-0.458596,1.000000
0.000000,1.000000,0.000000,0.222433,5.832281,0.000000
1.000000,0.000000,0.000000,0.078519,-2.359082,1.000000
1.000000,0.000000,0.000000,-1.011695,4.705435,0.000000
0.000000,0.000000,1.000000,-1.513753,-0.517922,0.000000
1.000000,0.000000,0.000000,1.024132,-3.529613,1.000000
0.000000,0.000000,0.000000,-0.946614,3.426076,0.000000
0.000000,0.000000,0.000000,-0.903410,1.808548,0.000000
0.000000,0.000000,1.000000,-0.572672,-0.844570,1.000000
0.000000,0.000000,0.000000,1.295071,2.616920,0.000000
0.000000,0.000000,1.000000,-0.177176,0.043597,0.000000
1.000000,0.000000,0.000000,1.834616,-0.280958,1.000000
0.000000,0.000000,1.000000,-1.377721,3.637642,0.000000
0.000000,0.000000,0.000000,-1.434652,0.690353,0.000000
0.000000,1.000000,0.000000,0.399278,1.758618,0.000000
0.000000,0.000000,0.000000,-0.654519,2.680374,0.000000
0.000000,0.000000,0.000000,-0.621862,0.977401,0.000000
1.000000,0.000000,1.000000,-2.428498,-0.248546,0.000000
0.000000,0.000000,1.000000,-3.202689,-1.292979,0.000000
1.000000,1.000000,1.000000,1.232826,-0.685139,1.000000
0.000000,0.000000,0.000000,-0.165346,1.457854,0.000000
0.000000,0.000000,0.000000,0.476721,1.354081,0.000000
0.000000,0.000000,0.000000,-0.291966,4.063329,0.000000
0.000000,0.000000,1.000000,-0.975936,1.720297,0.000000
0.000000,0.000000,0.000000,-0.974118,5.285811,0.000000
1.000000,1.000000,1.000000,1.049700,2.871394,0.000000
0.000000,1.000000,1.000000,-0.668219,3.262890,0.000000
0.000000,0.000000,0.000000,-1.072049,-0.220942,0.000000
0.000000,0.000000,0.000000,0.703431,2.857836,1.000000
0.000000,0.000000,0.000000,-0.628841,0.454477,1.000000
0.000000,0.000000,1.000000,-2.973455,3.625795,0.000000
1.000000,1.000000,0.000000,1.290557,-0.190106,1.000000
0.000000,0.000000,0.000000,-2.055816,1.838644,0.000000
0.000000,0.000000,0.000000,0.412136,-0.404545,1.000000
0.000000,0.000000,0.000000,-0.752388,1.702440,0.000000
1.000000,1.000000,1.000000,1.564206,3.335360,0.000000
1.000000,0.000000,1.000000,-1.006212,-2.383418,1.000000
1.000000,0.000000,0.000000,0.751014,1.863279,0.000000
0.000000,0.000000,0.000000,-0.773522,-0.592218,1.000000
1.000000,1.000000,1.000000,0.914311,-0.557486,1.000000
0.000000,1.000000,0.000000,-0.418064,-0.380855,0.000000
1.000000,0.000000,0.000000,0.989644,-0.579235,1.000000
1.000000,0.000000,0.000000,2.692656,1.104321,1.000000
0.000000,0.000000,0.000000,-0.049037,0.444569,0.000000
1.000000,0.000000,0.000000,-0.523859,0.178542,0.000000
1.000000,0.000000,0.000000,-0.751019,1.231139,0.000000
1.000000,0.000000,0.000000,-0.032557,1.984105,1.000000
0.000000,0.000000,0.000000,-0.633913,2.277547,0.000000
0.000000,0.000000,0.000000,0.977914,0.152059,1.000000
0.000000,1.000000,0.000000,0.226333,3.214856,0.000000
1.000000,0.000000,0.000000,0.766049,1.006824,0.000000
0.000000,0.000000,0.000000,-1.462675,-0.026474,0.000000
0.000000,1.000000,0.000000,1.573342,-0.384631,1.000000
0.000000,0.000000,0.000000,-1.953828,0.634394,0.000000
0.000000,1.000000,1.000000,-2.269568,5.825514,0.000000
1.000000,0.000000,0.000000,1.020541,-2.626307,1.000000
0.000000,0.000000,0.000000,-0.399121,-3.302248,1.000000
0.000000,0.000000,1.000000,-1.903848,-1.130225,0.000000
0.000000,0.000000,1.000000,-1.551794,0.349612,0.000000
0.000000,0.000000,0.000000,0.982780,1.651961,1.000000
0.000000,0.000000,0.000000,-0.923323,1.469799,0.000000
1.000000,0.000000,1.000000,0.048265,0.406128,0.000000
0.000000,0.000000,0.000000,-0.423281,-3.082170,1.000000
1.000000,0.000000,0.000000,1.704033,1.803254,0.000000
0.000000,0.000000,0.000000,0.720735,-0.864128,0.000000
0.000000,0.000000,1.000000,-0.328851,4.494711,0.000000
1.000000,0.000000,1.000000,-0.169159,-0.312515,1.000000
0.000000,0.000000,1.000000,-1.580676,1.071758,1.000000
0.000000,0.000000,0.000000,-1.298855,3.719837,0.000000
1.000000,1.000000,0.000000,1.970503,-1.934767,1.000000
0.000000,0.000000,0.000000,0.267897,0.326320,0.000000
0.000000,0.000000,0.000000,0.633113,1.987564,0.000000
0.000000,0.000000,0.000000,-1.002780,1.606851,0.000000
0.000000,0.000000,1.000000,1.094300,-3.152103,1.000000
0.000000,0.000000,0.000000,-0.760627,-2.550009,0.000000
1.000000,0.000000,0.000000,-0.039704,0.066579,1.000000
0.000000,1.000000,1.000000,-0.376482,2.365444,0.000000
0.000000,0.000000,0.000000,0.502588,-0.057769,1.000000
0.000000,0.000000,0.000000,0.159372,-0.839244,1.000000
1.000000,1.000000,1.000000,-1.544498,-0.604257,0.000000
1.000000,0.000000,0.000000,0.328032,-1.064934,1.000000
0.000000,1.000000,1.000000,0.288224,2.510420,1.000000
0.000000,0.000000,0.000000,-0.660753,-1.423492,0.000000
1.000000,0.000000,1.000000,-0.996938,-0.834068,1.000000
0.000000,0.000000,0.000000,-0.657415,2.046510,0.000000
0.000000,0.000000,0.000000,-1.439814,2.030099,0.000000
0.000000,0.000000,0.000000,-0.155663,-0.330087,1.000000
0.000000,0.000000,1.000000,-0.271137,0.092777,0.000000
0.000000,1.000000,0.000000,1.033367,0.442664,0.000000
0.000000,0.000000,0.000000,-0.965011,2.328209,0.000000
1.000000,1.000000,0.000000,-0.022207,0.552175,0.000000
0.000000,0.000000,0.000000,1.168220,-0.869879,1.000000
1.000000,0.000000,0.000000,1.103367,3.377795,0.000000
0.000000,0.000000,0.000000,-1.424905,1.369388,1.000000
1.000000,0.000000,0.000000,1.228611,2.777355,1.000000
1.000000,1.000000,0.000000,1.167895,1.802466,0.000000
0.000000,1.000000,0.000000,2.107709,2.374310,0.000000
0.000000,0.000000,0.000000,1.474404,2.764006,0.000000
0.000000,0.000000,0.000000,-0.403672,0.206116,0.000000
1.000000,1.000000,1.000000,0.673606,1.242625,0.000000
0.000000,0.000000,0.000000,-0.144487,1.759661,1.000000
0.000000,0.000000,0.000000,-1.608367,2.251639,0.000000
0.000000,0.000000,0.000000,-0.069443,0.568603,0.000000
0.000000,0.000000,0.000000,1.626935,1.382629,1.000000
1.000000,1.000000,0.000000,-0.787954,2.871842,0.000000
1.000000,1.000000,0.000000,0.712163,-2.069103,1.000000
0.000000,0.000000,0.000000,0.489439,3.309901,0.000000
1.000000,1.000000,1.000000,0.106034,1.928185,0.000000
0.000000,0.000000,0.000000,0.423293,2.505559,0.000000
1.000000,0.000000,0.000000,0.555729,4.172964,1.000000
1.000000,0.000000,1.000000,0.852783,-0.879961,1.000000
1.000000,0.000000,0.000000,1.371659,0.758784,1.000000
1.000000,1.000000,1.000000,0.438148,4.299188,0.000000
1.000000,1.000000,0.000000,0.989330,1.790493,0.000000
1.000000,0.000000,0.000000,0.378121,-1.879022,1.000000
0.000000,0.000000,0.000000,1.134270,0.649917,1.000000
0.000000,0.000000,0.000000,1.386453,-1.957372,1.000000
0.000000,0.000000,0.000000,-1.103994,3.837356,0.000000
1.000000,0.000000,0.000000,2.330157,-2.952772,1.000000
0.000000,0.000000,0.000000,-0.479184,4.130973,0.000000
0.000000,0.000000,0.000000,-1.516948,-0.350734,0.000000
0.000000,0.000000,0.000000,-0.970287,0.682235,0.000000
0.000000,0.000000,0.000000,-0.326001,1.463687,0.000000
0.000000,0.000000,0.000000,-0.396034,4.511314,0.000000
0.000000,0.000000,0.000000,-2.023360,-3.541715,0.000000
0.000000,0.000000,0.000000,0.409059,-1.554049,0.000000
1.000000,1.000000,1.000000,0.904509,1.138040,0.000000
0.000000,0.000000,0.000000,-1.516015,0.448430,0.000000
1.000000,1.000000,0.000000,1.616477,0.121410,1.000000
0.000000,0.000000,0.000000,-1.136879,2.753670,0.000000
0.000000,0.000000,0.000000,-2.403034,-0.066536,0.000000
1.000000,0.000000,0.000000,0.527558,-0.132646,1.000000
1.000000,0.000000,0.000000,1.285958,1.313640,0.000000
1.000000,0.000000,0.000000,1.027355,-0.137346,1.000000
0.000000,1.000000,0.000000,1.477996,1.695929,0.000000
1.000000,0.000000,0.000000,0.617625,-2.516768,0.000000
0.000000,0.000000,0.000000,-1.361921,3.661358,0.000000
1.000000,0.000000,1.000000,-1.250305,0.220620,1.000000
0.000000,0.000000,0.000000,-2.125264,0.210103,0.000000
0.000000,0.000000,1.000000,-0.589212,3.479609,0.000000
1.000000,1.000000,0.000000,2.075909,-0.190483,1.000000
0.000000,0.000000,0.000000,0.546062,1.039019,0.000000
0.000000,0.000000,0.000000,1.006334,0.447578,0.000000
0.000000,0.000000,0.000000,-0.089392,-0.648883,0.000000
0.000000,0.000000,1.000000,-0.301259,0.463991,0.000000
1.000000,0.000000,1.000000,0.798735,0.456716,1.000000
0.000000,0.000000,0.000000,-0.470235,1.640794,0.000000
1.000000,0.000000,0.000000,-1.571530,0.907005,0.000000
0.000000,0.000000,0.000000,1.452686,-0.686022,1.000000
0.000000,0.000000,0.000000,1.031537,0.513965,1.000000
0.000000,0.000000,0.000000,-2.133866,3.934140,0.000000
1.000000,0.000000,0.000000,1.222969,1.504301,0.000000
1.000000,0.000000,0.000000,0.328556,-1.853468,1.000000
0.000000,0.000000,0.000000,0.634253,2.836149,1.000000
0.000000,0.000000,0.000000,0.803288,-2.837159,1.000000
0.000000,0.000000,0.000000,-0.685435,0.832230,0.000000
1.000000,0.000000,1.000000,0.105501,-0.110877,0.000000
0.000000,1.000000,1.000000,-0.022009,3.159700,0.000000
0.000000,0.000000,0.000000,0.024276,3.216815,0.000000
1.000000,1.000000,0.000000,0.798609,-2.174983,1.000000
0.000000,0.000000,0.000000,-1.364364,2.496224,0.000000
1.000000,0.000000,1.000000,-0.830726,1.146796,0.000000
0.000000,0.000000,1.000000,-2.597866,-1.041688,0.000000
0.000000,0.000000,0.000000,1.034594,4.881240,0.000000
0.000000,0.000000,0.000000,-1.398442,5.245091,0.000000
0.000000,0.000000,0.000000,-1.088381,0.600786,0.000000
0.000000,1.000000,1.000000,-1.589615,1.106712,0.000000
0.000000,0.000000,0.000000,-0.627176,2.539297,0.000000
1.000000,1.000000,1.000000,-1.689065,1.095397,0.000000
1.000000,1.000000,0.000000,1.312350,1.340437,0.000000
0.000000,0.000000,0.000000,0.012329,1.153885,0.000000
0.000000,1.000000,0.000000,-0.370406,1.168088,0.000000
1.000000,0.000000,0.000000,2.525745,-0.077794,1.000000
1.000000,0.000000,0.000000,-0.116822,-2.314749,1.000000
1.000000,0.000000,1.000000,-0.037290,1.167843,0.000000
0.000000,0.000000,0.000000,-1.355911,0.124714,0.000000
0.000000,0.000000,0.000000,-1.217699,4.740484,0.000000
0.000000,0.000000,0.000000,0.225265,-0.053754,0.000000
0.000000,0.000000,0.000000,-0.089734,0.794494,0.000000
0.000000,0.000000,0.000000,-0.480828,2.560802,0.000000
0.000000,0.000000,1.000000,-3.216351,2.078577,0.000000
0.000000,1.000000,1.000000,-0.048495,2.576459,0.000000
0.000000,1.000000,0.000000,0.672370,1.079485,1.000000
1.000000,1.000000,1.000000,-1.008498,1.476963,0.000000
0.000000,0.000000,1.000000,-1.516692,5.122408,0.000000
1.000000,0.000000,0.000000,-1.810843,-5.337602,1.000000
1.000000,0.000000,0.000000,0.907094,-0.559726,1.000000
1.000000,0.000000,0.000000,1.508521,-0.018799,1.000000
0.000000,0.000000,0.000000,1.905513,1.028740,0.000000
0.000000,0.000000,1.000000,-0.498078,4.616162,0.000000
0.000000,0.000000,0.000000,-1.101113,2.717001,0.000000
0.000000,0.000000,0.000000,-0.410079,1.585893,1.000000
1.000000,1.000000,0.000000,2.596054,1.425288,0.000000
0.000000,1.000000,0.000000,0.816837,2.532160,0.000000
1.000000,1.000000,0.000000,-0.362700,-1.872184,1.000000
1.000000,0.000000,0.000000,0.728360,1.198316,0.000000
0.000000,0.000000,0.000000,-1.067045,3.813287,0.000000
0.000000,0.000000,1.000000,-0.848591,-0.421220,0.000000
1.000000,0.000000,0.000000,-0.466134,0.142291,1.000000
1.000000,1.000000,0.000000,-0.610455,-2.421127,1.000000
1.000000,1.000000,1.000000,1.249851,1.509507,0.000000
1.000000,0.000000,1.000000,-0.494356,-0.114494,0.000000
1.000000,0.000000,0.000000,1.353890,2.464111,0.000000
0.000000,0.000000,0.000000,0.029737,-1.108760,1.000000
0.000000,1.000000,1.000000,-0.278487,2.896356,0.000000
0.000000,0.000000,1.000000,0.410741,2.203961,0.000000
0.000000,1.000000,1.000000,0.516614,3.320749,0.000000
0.000000,0.000000,0.000000,0.539227,-0.279248,0.000000
1.000000,0.000000,0.000000,0.612111,0.743161,1.000000
0.000000,0.000000,0.000000,-1.420996,2.381508,0.000000
1.000000,1.000000,0.000000,-1.214879,1.884843,0.000000
0.000000,0.000000,0.000000,0.123313,1.721118,1.000000
1.000000,1.000000,1.000000,0.917706,0.708688,0.000000
1.000000,0.000000,0.000000,-1.628659,-1.875525,1.000000
1.000000,0.000000,1.000000,-0.936026,-0.496855,1.000000
0.000000,1.000000,1.000000,-0.704128,-1.404411,0.000000
0.000000,0.000000,0.000000,-0.926467,2.504108,0.000000
1.000000,1.000000,0.000000,2.128658,1.951011,0.000000
1.000000,0.000000,0.000000,1.105606,0.980133,0.000000
1.000000,0.000000,0.000000,0.100997,1.920962,0.000000
1.000000,0.000000,0.000000,-0.005068,2.586196,1.000000
0.000000,0.000000,0.000000,-0.337379,-0.104118,0.000000
0.000000,1.000000,0.000000,-0.245936,2.496847,0.000000
0.000000,0.000000,1.000000,-0.067516,4.932321,0.000000
1.000000,0.000000,1.000000,-1.340319,0.742040,0.000000
0.000000,1.000000,0.000000,1.372863,0.950546,0.000000
1.000000,0.000000,0.000000,1.616509,-0.968947,1.000000
0.000000,0.000000,1.000000,0.125859,2.932974,0.000000
0.000000,0.000000,0.000000,-0.342899,4.925097,0.000000
1.000000,0.000000,1.000000,-2.002848,2.899626,0.000000
0.000000,0.000000,0.000000,0.594810,2.381444,1.000000
0.000000,1.000000,0.000000,-0.647982,3.123711,0.000000
1.000000,0.000000,0.000000,0.068374,-2.026953,1.000000
0.000000,0.000000,0.000000,-1.211988,3.083226,0.000000
1.000000,0.000000,1.000000,-0.745349,1.268532,0.000000
0.000000,1.000000,0.000000,0.932716,0.136897,1.000000
0.000000,0.000000,0.000000,-0.029196,1.760389,0.000000
1.000000,0.000000,0.000000,0.458115,-4.817596,1.000000
0.000000,0.000000,0.000000,0.077513,2.397827,0.000000
0.000000,0.000000,0.000000,-0.501323,4.406370,0.000000
1.000000,0.000000,0.000000,0.246638,3.835407,0.000000
1.000000,0.000000,1.000000,-1.437714,3.126457,0.000000
0.000000,0.000000,0.000000,1.624534,-0.401314,1.000000
1.000000,1.000000,1.000000,0.086290,1.863197,1.000000
0.000000,0.000000,1.000000,-2.232943,1.349385,0.000000
0.000000,0.000000,0.000000,-0.527669,5.190443,0.000000
1.000000,0.000000,0.000000,0.577749,-0.902952,1.000000
0.000000,1.000000,0.000000,0.308489,0.795868,0.000000
1.000000,0.000000,0.000000,-1.425203,-0.417853,0.000000
1.000000,0.000000,0.000000,-1.031312,-1.065052,0.000000
0.000000,0.000000,1.000000,-1.432086,3.632133,0.000000
1.000000,1.000000,1.000000,0.785063,2.623712,0.000000
1.000000,1.000000,1.000000,0.273545,-0.044152,0.000000
0.000000,0.000000,0.000000,-1.696650,-2.434812,0.000000
0.000000,0.000000,0.000000,0.786769,2.344480,0.000000
0.000000,0.000000,0.000000,-1.388139,2.865326,0.000000
1.000000,1.000000,0.000000,3.453182,4.792609,0.000000
0.000000,0.000000,0.000000,0.755002,-1.581461,0.000000
1.000000,0.000000,1.000000,-0.067896,-0.821307,1.000000
1.000000,1.000000,1.000000,0.400116,-0.872938,0.000000
1.000000,0.000000,0.000000,0.204057,-1.885077,1.000000
1.000000,0.000000,1.000000,-0.647515,-0.368533,1.000000
0.000000,0.000000,1.000000,-1.066193,3.605049,0.000000
0.000000,0.000000,1.000000,-2.447061,1.981033,0.000000
1.000000,0.000000,0.000000,1.632164,-0.878028,1.000000
1.000000,0.000000,1.000000,-0.720796,0.448843,1.000000
1.000000,0.000000,1.000000,-1.160273,-1.252286,1.000000
0.000000,0.000000,0.000000,-1.121579,1.578182,0.000000
1.000000,0.000000,0.000000,-0.894898,0.087137,1.000000
0.000000,1.000000,0.000000,1.982486,4.915501,0.000000
1.000000,0.000000,0.000000,-0.368765,-3.466413,1.000000
1.000000,0.000000,1.000000,-1.649114,-0.091093,0.000000
0.000000,0.000000,0.000000,-0.160944,4.890203,0.000000
1.000000,0.000000,0.000000,1.783014,1.775732,1.000000
1.000000,1.000000,0.000000,1.391244,2.319546,1.000000
0.000000,0.000000,1.000000,-0.758891,1.214652,0.000000
1.000000,0.000000,0.000000,-0.913195,2.297970,0.000000
1.000000,1.000000,1.000000,-0.174049,2.046951,0.000000
0.000000,0.000000,0.000000,-0.400066,-1.020242,1.000000
1.000000,1.000000,0.000000,0.182070,-0.139739,0.000000
0.000000,0.000000,0.000000,-0.077765,4.850931,0.000000
0.000000,0.000000,0.000000,-0.821278,3.366145,0.000000
1.000000,0.000000,0.000000,0.353156,1.978496,0.000000
0.000000,0.000000,0.000000,-0.360561,2.552524,0.000000
0.000000,0.000000,0.000000,0.309647,1.654018,1.000000
1.000000,0.000000,0.000000,0.442927,3.095988,0.000000
0.000000,0.000000,1.000000,-1.966488,1.631450,0.000000
1.000000,0.000000,1.000000,-1.923643,-2.527337,1.000000
0.000000,0.000000,0.000000,-1.241605,4.174873,0.000000
0.000000,0.000000,0.000000,-1.173085,-2.905206,1.000000
1.000000,0.000000,0.000000,-0.946031,-0.050551,0.000000
0.000000,0.000000,1.000000,-0.202901,0.927042,0.000000
1.000000,0.000000,1.000000,-1.354289,0.534877,0.000000
1.000000,1.000000,0.000000,-0.021637,0.829714,0.000000
0.000000,0.000000,0.000000,-0.751049,1.823029,0.000000
1.000000,0.000000,0.000000,0.973180,1.226461,1.000000
0.000000,0.000000,0.000000,0.541536,0.626761,0.000000
0.000000,0.000000,0.000000,-0.708332,0.564784,0.000000
0.000000,0.000000,0.000000,-1.821222,3.588542,0.000000
0.000000,0.000000,0.000000,1.249032,0.061766,0.000000
1.000000,0.000000,0.000000,2.072276,0.989109,1.000000
0.000000,0.000000,0.000000,-0.083009,1.191692,1.000000
0.000000,0.000000,0.000000,-0.282605,-1.061727,1.000000
1.000000,0.000000,1.000000,-0.401071,2.329884,0.000000
0.000000,0.000000,1.000000,-1.524700,2.736335,0.000000
1.000000,1.000000,1.000000,0.125102,1.902908,0.000000
0.000000,1.000000,0.000000,0.157487,3.539566,0.000000
0.000000,0.000000,0.000000,-0.341931,2.478179,1.000000
1.000000,1.000000,0.000000,1.427224,3.353349,0.000000
1.000000,0.000000,0.000000,0.419672,0.418545,1.000000
0.000000,0.000000,1.000000,-0.479244,2.398179,1.000000
1.000000,0.000000,1.000000,-0.599610,0.093445,0.000000
0.000000,0.000000,1.000000,-1.959395,2.797232,0.000000
0.000000,0.000000,0.000000,-0.372930,4.363814,0.000000
1.000000,0.000000,0.000000,2.576359,0.016561,0.000000
1.000000,1.000000,1.000000,1.461901,-0.208364,1.000000
1.000000,0.000000,0.000000,1.241767,-1.471417,1.000000
0.000000,0.000000,0.000000,-0.199020,2.500304,0.000000
0.000000,0.000000,0.000000,0.229045,1.028547,0.000000
0.000000,0.000000,1.000000,-0.883446,6.051845,0.000000
1.000000,0.000000,1.000000,0.551828,-1.241861,1.000000
0.000000,0.000000,1.000000,-1.037866,0.209110,1.000000
0.000000,0.000000,0.000000,0.337044,3.556502,0.000000
1.000000,0.000000,0.000000,0.840520,-1.006260,1.000000
1.000000,1.000000,1.000000,-1.046132,1.627443,0.000000
1.000000,0.000000,1.000000,0.172177,2.518824,0.000000
0.000000,0.000000,0.000000,-1.841087,-0.005735,0.000000
0.000000,0.000000,0.000000,-0.693193,2.197695,1.000000
1.000000,0.000000,0.000000,-0.077835,0.172253,1.000000
1.000000,0.000000,0.000000,-0.131167,-2.973133,1.000000
1.000000,1.000000,0.000000,0.299136,-0.027878,0.000000
1.000000,0.000000,1.000000,-1.053763,4.385857,0.000000
0.000000,0.000000,0.000000,-0.518104,0.010436,0.000000
0.000000,1.000000,1.000000,-1.474555,1.902482,0.000000
0.000000,0.000000,0.000000,-1.204855,2.083793,1.000000
1.000000,1.000000,0.000000,0.307455,3.386509,1.000000
1.000000,1.000000,0.000000,1.319822,1.978383,1.000000
1.000000,1.000000,1.000000,0.518579,-0.364207,0.000000
1.000000,1.000000,0.000000,1.357720,1.957815,0.000000
1.000000,0.000000,0.000000,-0.504087,-3.678060,1.000000
1.000000,0.000000,0.000000,2.474542,3.439050,1.000000
0.000000,0.000000,0.000000,-1.401257,2.156247,1.000000
1.000000,0.000000,1.000000,-0.093544,1.157232,0.000000
1.000000,1.000000,1.000000,-0.534312,4.288061,0.000000
1.000000,0.000000,0.000000,-0.260555,2.644700,1.000000
1.000000,1.000000,0.000000,2.676865,0.646784,1.000000
0.000000,0.000000,1.000000,-1.753273,2.878383,0.000000
1.000000,0.000000,0.000000,-0.358850,1.829783,0.000000
1.000000,1.000000,1.000000,0.292457,1.535857,0.000000
1.000000,0.000000,0.000000,1.400761,0.830945,1.000000
1.000000,0.000000,0.000000,0.517430,-2.034182,1.000000
0.000000,0.000000,0.000000,1.429948,2.343108,0.000000
0.000000,0.000000,1.000000,-0.544574,0.446249,0.000000
0.000000,0.000000,0.000000,-2.233780,3.089208,0.000000
0.000000,0.000000,0.000000,-0.683927,1.640422,0.000000
0.000000,1.000000,1.000000,-0.496368,1.770404,0.000000
1.000000,0.000000,1.000000,-0.385897,2.446191,0.000000
1.000000,0.000000,0.000000,1.913931,0.650813,1.000000
1.000000,1.000000,0.000000,1.330783,-0.805317,1.000000
0.000000,0.000000,1.000000,-1.855479,0.220172,0.000000
0.000000,0.000000,1.000000,-0.214187,4.353747,0.000000
1.000000,1.000000,0.000000,2.539098,1.069509,1.000000
0.000000,0.000000,0.000000,-0.632242,4.614939,0.000000
1.000000,1.000000,1.000000,-0.787322,2.356996,1.000000
1.000000,0.000000,0.000000,-0.085602,-0.289419,1.000000
0.000000,0.000000,0.000000,-0.758672,-0.770298,0.000000
0.000000,0.000000,0.000000,-0.860037,0.131725,0.000000
0.000000,1.000000,0.000000,1.257867,4.071209,0.000000
0.000000,0.000000,1.000000,-1.338200,1.932462,0.000000
1.000000,0.000000,0.000000,0.042166,3.801282,0.000000
0.000000,0.000000,0.000000,-1.564984,3.991388,0.000000
0.000000,0.000000,0.000000,-0.400271,3.420142,0.000000
0.000000,0.000000,1.000000,-1.126757,0.746972,0.000000
1.000000,0.000000,0.000000,0.230173,1.857542,0.000000
0.000000,0.000000,0.000000,-1.559727,0.992659,0.000000
0.000000,0.000000,0.000000,-0.025377,-0.522635,0.000000
1.000000,0.000000,0.000000,1.867587,0.236878,1.000000
0.000000,0.000000,1.000000,-1.359092,0.166775,0.000000
1.000000,0.000000,0.000000,-0.522127,-2.137631,1.000000
0.000000,0.000000,0.000000,-0.160777,1.273303,0.000000
0.000000,0.000000,1.000000,-0.400517,3.183074,0.000000
1.000000,0.000000,0.000000,-0.060728,3.124151,0.000000
1.000000,1.000000,1.000000,-0.263036,-0.577169,0.000000
0.000000,0.000000,1.000000,-0.109510,2.498694,0.000000
0.000000,0.000000,0.000000,-0.336367,0.211706,1.000000
0.000000,0.000000,0.000000,-0.052379,1.987768,0.000000
1.000000,0.000000,0.000000,1.691558,0.774025,1.000000
0.000000,0.000000,1.000000,-1.466178,-0.682344,1.000000
1.000000,0.000000,0.000000,-0.103228,-2.178403,1.000000
1.000000,0.000000,0.000000,0.559394,0.560200,1.000000
0.000000,0.000000,0.000000,0.617553,2.729201,0.000000
0.000000,0.000000,1.000000,-0.762611,2.491158,0.000000
1.000000,0.000000,0.000000,0.850731,-0.746389,0.000000
0.000000,0.000000,1.000000,-0.929755,1.873667,1.000000
1.000000,0.000000,0.000000,-0.158959,1.177742,0.000000
0.000000,0.000000,0.000000,-2.907886,1.115779,0.000000
0.000000,0.000000,0.000000,0.081647,1.763740,0.000000
1.000000,0.000000,0.000000,-0.567960,-1.519582,0.000000
0.000000,0.000000,0.000000,1.020910,1.247428,0.000000
0.000000,0.000000,0.000000,1.372813,1.796590,0.000000
1.000000,0.000000,0.000000,0.466896,0.742014,0.000000
0.000000,0.000000,1.000000,-1.406200,1.662518,0.000000
1.000000,0.000000,0.000000,0.615148,4.592426,1.000000
0.000000,0.000000,0.000000,-1.095947,2.566415,0.000000
1.000000,0.000000,1.000000,0.088173,-1.348575,1.000000
0.000000,0.000000,1.000000,-2.408655,4.866077,0.000000
0.000000,0.000000,0.000000,0.710954,0.723503,0.000000
1.000000,0.000000,0.000000,-0.486313,-2.925458,0.000000
1.000000,0.000000,1.000000,-1.621769,0.437211,0.000000
1.000000,0.000000,1.000000,0.128275,-2.237750,1.000000
0.000000,0.000000,0.000000,-0.009837,-1.028237,0.000000
0.000000,0.000000,0.000000,-1.162040,0.022701,0.000000
0.000000,0.000000,0.000000,-1.381002,3.726090,0.000000
0.000000,1.000000,1.000000,0.121156,5.402533,0.000000
0.000000,0.000000,0.000000,0.171140,2.886521,0.000000
0.000000,0.000000,1.000000,0.242899,5.738583,1.000000
1.000000,0.000000,1.000000,-0.189822,0.673186,1.000000
0.000000,1.000000,0.000000,-0.251034,1.061770,0.000000
1.000000,0.000000,1.000000,-0.551876,3.877945,0.000000
1.000000,1.000000,1.000000,-0.091018,0.889530,0.000000
1.000000,1.000000,0.000000,0.749823,2.086679,0.000000
0.000000,0.000000,0.000000,-1.304264,1.565387,0.000000
1.000000,1.000000,1.000000,0.165495,2.674845,0.000000
1.000000,0.000000,0.000000,-0.474509,1.435178,1.000000
1.000000,1.000000,0.000000,0.280425,1.762706,0.000000
0.000000,0.000000,1.000000,-1.201550,3.205344,0.000000
1.000000,1.000000,1.000000,0.141379,0.781122,0.000000
1.000000,0.000000,0.000000,0.593037,0.692922,1.000000
1.000000,0.000000,0.000000,0.336508,1.563832,1.000000
0.000000,0.000000,0.000000,-0.691725,1.525055,0.000000
0.000000,0.000000,0.000000,-1.284074,4.337864,0.000000
1.000000,1.000000,1.000000,1.013106,-3.642072,0.000000
0.000000,0.000000,0.000000,-0.261473,4.086945,0.000000
1.000000,0.000000,0.000000,1.284716,3.347586,0.000000
0.000000,1.000000,1.000000,0.453911,3.406882,0.000000
0.000000,0.000000,0.000000,0.330973,1.136403,1.000000
1.000000,0.000000,0.000000,2.156699,3.391766,1.000000
0.000000,0.000000,0.000000,-0.589682,-3.049565,1.000000
0.000000,1.000000,0.000000,0.592952,3.278163,0.000000
1.000000,0.000000,0.000000,-0.293730,-1.936629,0.000000
0.000000,1.000000,1.000000,-2.937206,2.284180,0.000000
0.000000,0.000000,0.000000,0.351572,4.414336,1.000000
0.000000,0.000000,0.000000,-0.703134,3.284409,0.000000
0.000000,0.000000,0.000000,-1.166475,1.951548,0.000000
1.000000,0.000000,0.000000,1.274452,0.770900,1.000000
0.000000,0.000000,0.000000,-0.446065,-0.446287,0.000000
1.000000,0.000000,0.000000,0.513161,-0.406537,1.000000
0.000000,1.000000,1.000000,-1.734751,-1.936877,1.000000
0.000000,0.000000,1.000000,-1.400075,3.113263,0.000000
0.000000,0.000000,1.000000,-1.561041,2.523208,0.000000
1.000000,0.000000,0.000000,1.275396,-2.575729,1.000000
0.000000,0.000000,0.000000,-0.829358,1.357524,0.000000
1.000000,1.000000,1.000000,0.238616,-1.574241,1.000000
1.000000,0.000000,1.000000,1.087404,-0.517969,0.000000
0.000000,0.000000,1.000000,-1.531291,4.414902,0.000000
0.000000,0.000000,1.000000,-0.817047,3.000837,0.000000
1.000000,0.000000,0.000000,0.548479,-0.699777,1.000000
0.000000,0.000000,0.000000,-0.381881,3.159820,0.000000
0.000000,0.000000,1.000000,-2.513284,-1.282327,1.000000
0.000000,0.000000,0.000000,-1.920449,-0.245439,0.000000
0.000000,0.000000,0.000000,0.940133,-0.341501,0.000000
0.000000,0.000000,0.000000,0.181040,2.579536,0.000000
0.000000,0.000000,1.000000,-1.326487,5.408485,0.000000
1.000000,0.000000,0.000000,1.026668,1.651957,0.000000
0.000000,0.000000,0.000000,-0.082311,3.834260,0.000000
1.000000,0.000000,1.000000,1.001475,-1.765685,1.000000
0.000000,0.000000,0.000000,-1.098481,-1.098198,0.000000
0.000000,1.000000,1.000000,-0.444281,2.507598,0.000000
0.000000,0.000000,1.000000,-0.716862,1.084760,0.000000
1.000000,0.000000,1.000000,-0.776779,2.104586,0.000000
0.000000,0.000000,1.000000,-1.723803,1.802144,0.000000
0.000000,0.000000,1.000000,-2.429408,7.970617,0.000000
0.000000,1.000000,0.000000,0.018840,0.259504,0.000000
0.000000,0.000000,1.000000,-1.567466,2.024261,1.000000
0.000000,0.000000,0.000000,-1.467255,1.139461,0.000000
0.000000,0.000000,0.000000,-0.316800,-0.094223,0.000000
0.000000,0.000000,1.000000,-0.919389,3.245737,0.000000
0.000000,0.000000,1.000000,-0.971848,-1.899226,0.000000
1.000000,1.000000,1.000000,0.201641,2.104090,0.000000
0.000000,0.000000,1.000000,-2.091700,0.588936,0.000000
0.000000,0.000000,1.000000,-2.332930,3.412965,0.000000
0.000000,0.000000,0.000000,-1.994265,-0.350115,0.000000
0.000000,1.000000,1.000000,-0.821791,0.435459,0.000000
1.000000,0.000000,1.000000,-2.010630,2.553222,0.000000
0.000000,0.000000,0.000000,-0.068452,2.039578,0.000000
0.000000,0.000000,1.000000,-2.857493,3.173020,0.000000
0.000000,0.000000,0.000000,-1.197766,-0.206311,1.000000
1.000000,1.000000,1.000000,-0.171304,1.651730,0.000000
1.000000,1.000000,1.000000,-0.015427,0.369023,0.000000
1.000000,1.000000,0.000000,1.783726,-1.853450,0.000000
0.000000,1.000000,0.000000,0.048920,2.013907,0.000000
1.000000,0.000000,0.000000,0.604936,1.674853,1.000000
0.000000,0.000000,0.000000,-1.140255,2.221136,0.000000
0.000000,0.000000,1.000000,-1.127741,2.940591,0.000000
0.000000,0.000000,1.000000,-0.958288,-1.413757,0.000000
0.000000,1.000000,0.000000,0.181960,3.002995,0.000000
1.000000,0.000000,0.000000,0.187142,-0.648343,1.000000
0.000000,0.000000,0.000000,-1.430822,4.281962,0.000000
0.000000,1.000000,0.000000,0.910937,3.725793,0.000000
0.000000,0.000000,1.000000,-2.067573,-0.023169,0.000000
1.000000,1.000000,1.000000,0.745870,1.306454,0.000000
0.000000,0.000000,0.000000,0.533905,0.479789,1.000000
0.000000,0.000000,0.000000,0.337481,0.428485,1.000000
1.000000,1.000000,0.000000,1.416666,-1.364016,1.000000
1.000000,1.000000,1.000000,0.656342,1.593117,0.000000
0.000000,0.000000,0.000000,-1.371566,0.590376,1.000000
0.000000,0.000000,0.000000,-0.071378,-0.046569,1.000000
1.000000,0.000000,0.000000,0.911011,0.349328,0.000000
0.000000,0.000000,0.000000,-0.482714,2.716986,0.000000
0.000000,0.000000,0.000000,0.290344,0.232450,0.000000
1.000000,0.000000,0.000000,-1.060104,-1.467694,0.000000
1.000000,0.000000,0.000000,1.861377,0.089351,0.000000
0.000000,0.000000,0.000000,-0.464561,0.060550,1.000000
1.000000,1.000000,1.000000,-1.182086,-1.137279,1.000000
0.000000,0.000000,1.000000,-1.636385,3.088373,0.000000
0.000000,0.000000,0.000000,-0.792161,0.800634,1.000000
0.000000,0.000000,0.000000,-1.564748,2.556057,0.000000
1.000000,0.000000,0.000000,-0.402364,-0.085264,0.000000
1.000000,1.000000,1.000000,2.124736,-1.496808,0.000000
0.000000,0.000000,0.000000,-0.600353,2.476475,0.000000
1.000000,0.000000,0.000000,-0.181375,2.847036,1.000000
0.000000,0.000000,0.000000,0.176938,-1.261708,1.000000
1.000000,0.000000,0.000000,0.034538,0.751302,0.000000
1.000000,0.000000,0.000000,-0.086694,0.454544,1.000000
1.000000,1.000000,0.000000,0.518465,3.581742,0.000000
1.000000,0.000000,0.000000,2.285034,0.858625,1.000000
1.000000,1.000000,0.000000,1.661370,2.958226,1.000000
0.000000,0.000000,0.000000,1.072557,-1.499639,1.000000
0.000000,0.000000,0.000000,0.871612,1.233004,0.000000
0.000000,0.000000,1.000000,-2.738485,4.213182,0.000000
0.000000,0.000000,0.000000,-0.099305,-1.196225,0.000000
1.000000,1.000000,0.000000,1.635124,0.004165,1.000000
1.000000,0.000000,0.000000,0.266924,0.355032,1.000000
1.000000,0.000000,0.000000,0.688725,-1.125803,0.000000
0.000000,0.000000,1.000000,-1.814926,4.445004,0.000000
0.000000,0.000000,0.000000,-0.606569,3.138725,0.000000
0.000000,0.000000,1.000000,-0.302909,0.403917,0.000000
1.000000,0.000000,0.000000,0.060866,-2.339189,1.000000
0.000000,0.000000,0.000000,-1.232983,5.092989,0.000000
0.000000,0.000000,0.000000,-0.364605,2.064440,0.000000
0.000000,0.000000,0.000000,-0.465182,2.384237,0.000000
0.000000,0.000000,1.000000,-1.225815,1.860160,0.000000
0.000000,0.000000,0.000000,0.337790,1.145164,0.000000
1.000000,0.000000,1.000000,0.352463,-0.680551,1.000000
1.000000,1.000000,1.000000,-0.014957,1.000251,1.000000
0.000000,0.000000,1.000000,-0.921302,1.905565,0.000000
0.000000,0.000000,1.000000,-1.109755,4.628391,0.000000
0.000000,0.000000,0.000000,-1.296816,1.687095,0.000000
0.000000,1.000000,1.000000,-1.747719,4.921057,0.000000
1.000000,0.000000,0.000000,0.524570,1.812803,1.000000
0.000000,0.000000,0.000000,-0.920311,1.169817,0.000000
0.000000,0.000000,1.000000,-1.399558,0.237735,0.000000
0.000000,0.000000,0.000000,0.150063,2.119292,0.000000
1.000000,1.000000,1.000000,-0.892880,2.700799,0.000000
1.000000,1.000000,0.000000,2.636174,1.061835,1.000000
0.000000,0.000000,1.000000,-1.184880,-0.050685,1.000000
0.000000,0.000000,0.000000,0.073453,-0.140494,0.000000
0.000000,0.000000,1.000000,0.927371,3.674419,0.000000
1.000000,0.000000,0.000000,1.773435,-1.103193,1.000000
0.000000,0.000000,0.000000,0.493888,3.739314,0.000000
0.000000,0.000000,1.000000,-2.570329,3.187669,0.000000
1.000000,0.000000,0.000000,0.609819,3.664577,0.000000
0.000000,1.000000,0.000000,1.764464,6.444978,0.000000
1.000000,0.000000,1.000000,-0.781193,1.884076,0.000000
0.000000,0.000000,0.000000,-0.375960,1.194544,0.000000
0.000000,0.000000,0.000000,-0.538141,4.826634,0.000000
1.000000,0.000000,1.000000,0.385760,2.368303,0.000000
0.000000,0.000000,0.000000,0.075728,-0.464949,0.000000
0.000000,0.000000,0.000000,1.408622,5.305219,0.000000
1.000000,0.000000,1.000000,-1.437684,-2.667534,0.000000
1.000000,0.000000,0.000000,1.260807,0.285562,0.000000
1.000000,1.000000,1.000000,-0.315685,1.931024,0.000000
0.000000,0.000000,1.000000,-0.922940,-0.801702,0.000000
0.000000,0.000000,1.000000,-1.991003,4.335396,0.000000
1.000000,0.000000,0.000000,-0.597711,-3.344933,1.000000
1.000000,0.000000,0.000000,-0.584490,0.046779,0.000000
0.000000,0.000000,0.000000,0.488318,1.565987,0.000000
1.000000,1.000000,0.000000,1.193802,2.399089,0.000000
0.000000,0.000000,1.000000,-1.894697,1.939747,0.000000
1.000000,0.000000,0.000000,-0.456573,-1.215341,1.000000
1.000000,1.000000,0.000000,3.837353,-0.064172,1.000000
0.000000,0.000000,0.000000,-1.243989,2.217987,0.000000
1.000000,0.000000,1.000000,-0.364441,1.681838,1.000000
0.000000,1.000000,0.000000,-1.346562,2.181297,0.000000
0.000000,0.000000,1.000000,-2.901803,2.455246,0.000000
0.000000,0.000000,1.000000,-1.219388,0.514790,0.000000
1.000000,1.000000,1.000000,1.296171,-1.981069,1.000000
1.000000,1.000000,0.000000,0.438862,2.655434,0.000000
1.000000,1.000000,0.000000,1.170963,1.210801,0.000000
0.000000,0.000000,0.000000,-0.053979,2.441183,0.000000
1.000000,0.000000,1.000000,-0.745661,0.685651,0.000000
1.000000,1.000000,1.000000,-2.628162,2.234921,1.000000
0.000000,0.000000,1.000000,-0.957625,-1.623291,0.000000
1.000000,1.000000,1.000000,-0.549836,-2.751864,0.000000
1.000000,1.000000,1.000000,2.579002,-0.901917,1.000000
1.000000,0.000000,0.000000,1.619473,-1.642589,1.000000
0.000000,0.000000,0.000000,0.624435,2.825849,0.000000
0.000000,0.000000,0.000000,0.581816,3.085901,0.000000
1.000000,0.000000,0.000000,0.500058,0.481653,0.000000
0.000000,0.000000,1.000000,-2.464285,2.361496,1.000000
1.000000,0.000000,0.000000,-0.521482,-2.834448,1.000000
0.000000,0.000000,0.000000,0.417941,3.106583,1.000000
0.000000,0.000000,1.000000,-1.894228,3.481018,0.000000
0.000000,0.000000,0.000000,-1.721597,2.477429,0.000000
1.000000,0.000000,0.000000,0.232622,1.548033,1.000000
0.000000,0.000000,1.000000,-1.394183,2.926321,0.000000
1.000000,1.000000,0.000000,0.026980,-0.463674,0.000000
0.000000,1.000000,0.000000,-0.524935,3.883904,0.000000
0.000000,0.000000,0.000000,0.126308,-1.070586,0.000000
1.000000,0.000000,0.000000,0.440466,-0.533183,1.000000
0.000000,0.000000,1.000000,-1.231736,0.302632,1.000000
0.000000,0.000000,0.000000,0.933123,-0.477819,1.000000
0.000000,0.000000,0.000000,0.259119,1.937267,0.000000
1.000000,0.000000,0.000000,0.259957,-1.989935,1.000000
1.000000,0.000000,0.000000,1.224095,-0.913562,1.000000
1.000000,0.000000,0.000000,0.757819,-2.790156,1.000000
0.000000,0.000000,1.000000,-1.121762,-0.214947,0.000000
0.000000,1.000000,0.000000,0.616525,1.011479,1.000000
0.000000,0.000000,0.000000,-0.573157,0.392820,0.000000
1.000000,1.000000,1.000000,-1.155619,1.340731,1.000000
1.000000,0.000000,0.000000,-0.444355,0.779913,1.000000
0.000000,0.000000,0.000000,0.545456,0.182903,0.000000
1.000000,0.000000,0.000000,0.951331,0.283129,1.000000
0.000000,0.000000,0.000000,0.403709,1.093407,0.000000
1.000000,1.000000,1.000000,-0.572569,3.141208,0.000000
0.000000,0.000000,1.000000,-2.557211,1.044896,0.000000
1.000000,1.000000,0.000000,0.944961,-0.543931,1.000000
0.000000,0.000000,1.000000,-1.250278,3.245561,0.000000
0.000000,0.000000,0.000000,1.368875,3.689749,0.000000
0.000000,0.000000,0.000000,-0.804286,5.037280,0.000000
0.000000,1.000000,1.000000,-1.587569,1.670174,0.000000
1.000000,0.000000,0.000000,0.822643,2.766153,0.000000
1.000000,1.000000,1.000000,-0.107248,2.618442,0.000000
0.000000,1.000000,0.000000,0.631321,5.718454,0.000000
0.000000,0.000000,0.000000,-0.230918,1.761267,0.000000
1.000000,0.000000,1.000000,-0.549685,-1.350849,0.000000
0.000000,0.000000,0.000000,-0.105488,-0.768039,0.000000
1.000000,0.000000,0.000000,1.587165,0.793748,0.000000
0.000000,0.000000,0.000000,-0.423654,-0.067184,0.000000
1.000000,1.000000,1.000000,0.439527,3.323725,0.000000
1.000000,0.000000,0.000000,1.676176,1.556052,0.000000
0.000000,0.000000,0.000000,-0.466297,3.908318,0.000000
0.000000,0.000000,0.000000,-0.443867,3.347398,0.000000
1.000000,0.000000,0.000000,-0.351726,-0.760854,0.000000
0.000000,0.000000,1.000000,-1.245474,3.429602,0.000000
0.000000,0.000000,0.000000,-0.677201,-1.441518,1.000000
0.000000,1.000000,0.000000,-0.994285,3.750373,0.000000
0.000000,0.000000,1.000000,0.151032,0.338088,1.000000
0.000000,1.000000,0.000000,2.112215,3.868888,0.000000
0.000000,0.000000,0.000000,-0.076209,3.186483,0.000000
1.000000,0.000000,1.000000,-0.290086,1.754305,0.000000
0.000000,0.000000,0.000000,0.340301,0.931260,0.000000
1.000000,0.000000,1.000000,1.462054,-1.232638,1.000000
0.000000,0.000000,0.000000,0.397327,2.788351,1.000000
1.000000,0.000000,0.000000,1.239401,-0.274319,0.000000
1.000000,0.000000,0.000000,-2.320369,1.398413,0.000000
0.000000,0.000000,0.000000,0.102032,1.583806,0.000000
0.000000,0.000000,0.000000,-0.597278,-0.962860,1.000000
0.000000,0.000000,0.000000,0.396639,0.832224,0.000000
1.000000,0.000000,0.000000,0.062514,0.278160,0.000000
1.000000,0.000000,0.000000,-0.816772,-0.208885,1.000000
0.000000,0.000000,0.000000,-0.129631,-0.597712,1.000000
0.000000,1.000000,0.000000,1.461215,3.944243,0.000000
1.000000,1.000000,1.000000,-0.206657,1.763231,0.000000
1.000000,1.000000,1.000000,-0.423918,0.515803,1.000000
0.000000,0.000000,0.000000,-0.901210,4.793440,0.000000
0.000000,0.000000,0.000000,0.223060,3.992473,0.000000
1.000000,0.000000,0.000000,0.438208,0.720527,0.000000
0.000000,1.000000,1.000000,1.141964,4.324109,0.000000
1.000000,1.000000,0.000000,1.218417,-0.336943,1.000000
0.000000,0.000000,0.000000,-0.268381,1.598977,0.000000
0.000000,0.000000,0.000000,-0.515765,-0.384010,1.000000
0.000000,0.000000,0.000000,0.172462,2.950097,0.000000
0.000000,0.000000,0.000000,0.290469,-0.715935,0.000000
0.000000,0.000000,0.000000,0.490412,1.289746,0.000000
1.000000,0.000000,0.000000,0.010158,2.353831,0.000000
0.000000,0.000000,1.000000,-1.013788,3.896545,0.000000
1.000000,0.000000,0.000000,-0.143051,0.528128,1.000000
0.000000,0.000000,0.000000,-1.121669,1.926963,0.000000
0.000000,1.000000,1.000000,-0.437200,2.523375,0.000000
1.000000,0.000000,0.000000,0.246586,-2.030682,1.000000
1.000000,1.000000,1.000000,-0.485245,3.842190,0.000000
0.000000,0.000000,0.000000,0.763064,3.259862,0.000000
0.000000,1.000000,0.000000,1.299259,0.822883,0.000000
1.000000,0.000000,0.000000,-0.000658,-2.746730,1.000000
1.000000,0.000000,0.000000,0.949316,0.316226,0.000000
1.000000,1.000000,1.000000,-0.249002,3.439340,0.000000
1.000000,0.000000,1.000000,-0.797963,1.083856,0.000000
0.000000,0.000000,1.000000,-1.535354,-0.681367,0.000000
1.000000,0.000000,0.000000,0.302814,-0.773403,1.000000
0.000000,0.000000,0.000000,1.452443,4.027520,0.000000
0.000000,0.000000,0.000000,-1.616961,3.853249,0.000000
0.000000,0.000000,0.000000,-2.065568,3.486330,0.000000
0.000000,0.000000,1.000000,-1.728607,-2.699529,1.000000
0.000000,1.000000,0.000000,-0.326995,-1.424841,0.000000
0.000000,0.000000,1.000000,-0.692192,-1.622720,0.000000
0.000000,0.000000,0.000000,-1.211928,2.498250,0.000000
0.000000,0.000000,0.000000,-2.770474,3.068457,0.000000
0.000000,0.000000,1.000000,0.413103,0.553055,0.000000
0.000000,0.000000,0.000000,-0.563561,2.650236,0.000000
0.000000,0.000000,0.000000,0.338388,1.953288,0.000000
1.000000,0.000000,0.000000,0.231438,0.543798,1.000000
0.000000,0.000000,0.000000,0.023424,-0.825569,1.000000
0.000000,0.000000,0.000000,-1.005158,4.513649,0.000000
1.000000,0.000000,0.000000,1.574057,-1.074441,1.000000
0.000000,0.000000,0.000000,-1.209449,1.020829,0.000000
0.000000,0.000000,1.000000,-3.257743,0.003927,0.000000
1.000000,0.000000,0.000000,-0.531957,-0.763785,0.000000
1.000000,1.000000,1.000000,1.258999,-1.137406,1.000000
0.000000,0.000000,1.000000,-1.634739,1.756946,1.000000
0.000000,1.000000,1.000000,-0.950761,3.174936,0.000000
0.000000,0.000000,1.000000,-1.122053,3.254563,0.000000
0.000000,0.000000,0.000000,-0.509526,-0.555981,0.000000
0.000000,0.000000,0.000000,-0.239488,-0.438671,1.000000
0.000000,0.000000,0.000000,-1.021967,0.362204,1.000000
0.000000,0.000000,1.000000,-2.258551,5.486291,0.000000
0.000000,0.000000,0.000000,-2.005774,3.459508,0.000000
0.000000,0.000000,1.000000,-0.458975,2.224445,0.000000
0.000000,0.000000,0.000000,-0.874989,1.542859,1.000000
1.000000,0.000000,1.000000,-4.028584,-0.331843,0.000000
0.000000,0.000000,0.000000,-0.049370,2.098036,0.000000
0.000000,0.000000,0.000000,-1.103856,1.281507,1.000000
1.000000,0.000000,1.000000,-0.308340,-1.248749,1.000000
1.000000,1.000000,1.000000,-0.012939,1.068317,1.000000
0.000000,1.000000,1.000000,-0.187600,4.765143,0.000000
0.000000,0.000000,0.000000,1.069609,3.530785,0.000000
0.000000,0.000000,1.000000,-1.016842,2.695071,0.000000
0.000000,0.000000,0.000000,-1.834979,0.843543,0.000000
0.000000,0.000000,1.000000,-1.640777,1.878994,0.000000
1.000000,1.000000,1.000000,0.065336,4.211750,1.000000
1.000000,0.000000,0.000000,-0.580055,2.903673,0.000000
1.000000,1.000000,1.000000,0.065118,1.812713,0.000000
0.000000,0.000000,0.000000,-0.425684,5.652448,0.000000
1.000000,0.000000,0.000000,0.086925,-1.269585,0.000000
1.000000,1.000000,0.000000,2.544335,2.647009,1.000000
0.000000,0.000000,1.000000,-2.234693,1.865324,0.000000
1.000000,1.000000,1.000000,0.987474,3.295443,0.000000
1.000000,0.000000,0.000000,1.384602,0.231079,1.000000
1.000000,1.000000,1.000000,0.647179,-0.034429,0.000000
0.000000,0.000000,0.000000,0.066162,0.882294,0.000000
0.000000,0.000000,0.000000,-0.663852,0.573082,0.000000
1.000000,0.000000,1.000000,-1.046372,2.825690,0.000000
1.000000,0.000000,0.000000,0.326620,-2.013440,1.000000
1.000000,0.000000,1.000000,0.042787,1.035760,0.000000
0.000000,0.000000,0.000000,-0.365703,-0.726606,0.000000
0.000000,0.000000,0.000000,-0.010054,0.849700,0.000000
1.000000,0.000000,0.000000,0.492613,1.236001,1.000000
1.000000,0.000000,0.000000,-0.223452,-1.155828,0.000000
0.000000,0.000000,0.000000,0.541359,0.508237,0.000000
1.000000,0.000000,0.000000,0.067136,-1.224042,1.000000
1.000000,0.000000,1.000000,-0.374573,0.167614,0.000000
0.000000,0.000000,0.000000,-0.144383,3.264568,0.000000
1.000000,0.000000,0.000000,1.281767,1.368155,1.000000
1.000000,0.000000,1.000000,-0.672508,-2.342382,0.000000
1.000000,1.000000,1.000000,0.507800,1.096684,0.000000
0.000000,0.000000,0.000000,-1.296765,-0.646653,1.000000
1.000000,0.000000,0.000000,0.457946,0.451205,0.000000
0.000000,0.000000,1.000000,-3.045711,5.110965,0.000000
0.000000,0.000000,0.000000,0.384829,2.811467,0.000000
0.000000,1.000000,0.000000,0.546460,3.916138,0.000000
1.000000,0.000000,0.000000,0.408068,-0.833813,1.000000
0.000000,0.000000,1.000000,-1.630547,3.522126,0.000000
0.000000,1.000000,0.000000,1.256804,-1.175886,1.000000
1.000000,0.000000,0.000000,0.789768,3.314051,0.000000
0.000000,0.000000,0.000000,-0.281527,3.160011,1.000000
0.000000,0.000000,1.000000,-1.459735,4.281554,0.000000
1.000000,1.000000,0.000000,1.357227,2.143772,0.000000
0.000000,0.000000,0.000000,-1.341825,2.527263,0.000000
1.000000,0.000000,1.000000,-0.385450,1.952138,0.000000
0.000000,0.000000,0.000000,-1.013728,-1.310691,0.000000
1.000000,1.000000,0.000000,1.133300,2.362437,0.000000
0.000000,0.000000,0.000000,-1.430816,0.060138,1.000000
1.000000,0.000000,0.000000,0.915938,-0.053513,0.000000
0.000000,1.000000,1.000000,-1.470179,1.817276,0.000000
0.000000,0.000000,1.000000,-3.716380,1.137019,0.000000
1.000000,0.000000,0.000000,0.675757,2.018691,1.000000
0.000000,0.000000,0.000000,1.122301,0.992602,1.000000
0.000000,0.000000,1.000000,0.166431,2.572868,0.000000
1.000000,0.000000,0.000000,-0.323291,-1.276590,0.000000
0.000000,0.000000,0.000000,-0.419899,4.825946,0.000000
1.000000,0.000000,0.000000,-0.729012,-2.323092,1.000000
0.000000,0.000000,0.000000,-0.172593,2.574815,0.000000
1.000000,0.000000,1.000000,-0.792621,2.971441,1.000000
0.000000,0.000000,1.000000,-0.477636,2.671483,1.000000
0.000000,0.000000,0.000000,0.409833,-1.250079,1.000000
1.000000,0.000000,0.000000,0.485348,-1.050647,1.000000
0.000000,0.000000,0.000000,-1.134776,1.408514,0.000000
1.000000,0.000000,0.000000,0.065810,0.474256,0.000000
0.000000,0.000000,0.000000,0.391062,2.641434,0.000000
1.000000,0.000000,1.000000,-0.915303,0.814655,0.000000
1.000000,0.000000,0.000000,-0.199721,-1.078898,1.000000
0.000000,0.000000,0.000000,1.039495,-2.318609,1.000000
0.000000,0.000000,0.000000,-1.431092,3.589438,0.000000
1.000000,0.000000,0.000000,-0.082112,1.066453,1.000000
0.000000,0.000000,0.000000,-0.227015,0.762518,0.000000
0.000000,0.000000,0.000000,0.599635,2.376994,0.000000
0.000000,0.000000,0.000000,-0.120987,0.711323,0.000000
0.000000,0.000000,0.000000,-0.544778,-0.657625,0.000000
0.000000,0.000000,0.000000,-0.570328,-1.342060,0.000000
0.000000,0.000000,0.000000,-0.390558,2.954117,0.000000
0.000000,0.000000,0.000000,-0.692710,4.160944,0.000000
0.000000,0.000000,0.000000,1.664547,1.579953,0.000000
0.000000,0.000000,0.000000,0.223072,-0.167027,0.000000
0.000000,0.000000,0.000000,0.159558,0.231985,0.000000
1.000000,1.000000,0.000000,1.545597,-0.200455,0.000000
1.000000,1.000000,0.000000,0.409362,0.506971,0.000000
0.000000,0.000000,0.000000,-0.790682,0.260478,1.000000
0.000000,1.000000,0.000000,0.829543,4.480688,0.000000
1.000000,0.000000,1.000000,0.264436,-1.168975,0.000000
0.000000,0.000000,0.000000,0.287335,1.769637,1.000000
0.000000,0.000000,0.000000,1.023809,0.856133,0.000000
0.000000,0.000000,0.000000,-0.790134,-0.874856,0.000000
1.000000,1.000000,0.000000,1.026981,-1.129672,0.000000
1.000000,1.000000,0.000000,3.633896,-0.660987,1.000000
0.000000,0.000000,1.000000,-1.340997,5.024392,0.000000
1.000000,1.000000,1.000000,1.340297,0.394276,0.000000
0.000000,0.000000,0.000000,1.583648,0.256837,1.000000
1.000000,1.000000,1.000000,0.485314,1.291611,1.000000
1.000000,1.000000,1.000000,-1.753633,2.609619,0.000000
1.000000,0.000000,1.000000,-0.996695,6.166562,0.000000
0.000000,0.000000,1.000000,-3.971579,-1.480869,0.000000
0.000000,0.000000,1.000000,-1.680838,5.917192,0.000000
1.000000,0.000000,1.000000,0.245529,-1.266223,1.000000
1.000000,0.000000,1.000000,-1.161366,0.197547,1.000000
0.000000,0.000000,0.000000,0.052917,0.318949,1.000000
1.000000,1.000000,0.000000,2.592300,0.651649,0.000000
0.000000,0.000000,1.000000,-1.191008,2.304011,0.000000
1.000000,0.000000,1.000000,-0.361710,-3.015953,1.000000
0.000000,0.000000,0.000000,-0.839413,2.625268,0.000000
0.000000,0.000000,0.000000,-2.301165,2.383806,0.000000
1.000000,0.000000,0.000000,0.462619,2.390653,0.000000
0.000000,0.000000,1.000000,-1.835903,0.978120,0.000000
0.000000,0.000000,0.000000,-0.656040,2.054288,0.000000
1.000000,1.000000,0.000000,-1.411796,4.634069,0.000000
0.000000,0.000000,1.000000,-0.131331,1.891958,0.000000
1.000000,1.000000,0.000000,3.456377,0.852856,1.000000
0.000000,0.000000,0.000000,-0.504421,5.786753,0.000000
0.000000,0.000000,1.000000,-1.041806,2.074228,0.000000
1.000000,0.000000,0.000000,0.149312,3.427467,0.000000
0.000000,0.000000,0.000000,0.272805,3.903609,0.000000
1.000000,0.000000,1.000000,-0.306649,-0.022039,0.000000
0.000000,0.000000,0.000000,0.243942,2.700518,0.000000
1.000000,0.000000,0.000000,1.439683,1.620149,1.000000
1.000000,0.000000,0.000000,-0.732094,3.293524,0.000000
1.000000,1.000000,0.000000,4.372905,-2.015812,1.000000
0.000000,0.000000,0.000000,-0.885997,3.032396,0.000000
1.000000,0.000000,0.000000,2.346715,-1.865935,1.000000
0.000000,0.000000,0.000000,0.108969,0.623083,0.000000
1.000000,1.000000,0.000000,-0.262966,-0.941031,0.000000
0.000000,0.000000,0.000000,0.481894,0.120711,1.000000
0.000000,0.000000,1.000000,-2.666235,1.281240,0.000000
0.000000,0.000000,1.000000,0.816733,4.143946,0.000000
1.000000,1.000000,0.000000,2.139325,2.950168,0.000000
0.000000,0.000000,0.000000,0.363095,0.696083,0.000000
0.000000,0.000000,0.000000,-1.337034,6.117016,0.000000
1.000000,0.000000,0.000000,0.607923,0.394157,0.000000
1.000000,1.000000,1.000000,-0.161189,-0.392516,0.000000
0.000000,0.000000,0.000000,0.033375,-0.166138,0.000000
0.000000,0.000000,0.000000,-0.423111,3.714592,0.000000
0.000000,0.000000,0.000000,0.292017,1.825368,0.000000
0.000000,0.000000,0.000000,-2.103256,4.516180,0.000000
0.000000,0.000000,0.000000,-0.598681,4.610209,0.000000
0.000000,0.000000,0.000000,-1.378792,0.840697,0.000000
0.000000,0.000000,0.000000,0.018537,1.098842,0.000000
0.000000,0.000000,1.000000,-1.356117,-1.187791,0.000000
1.000000,1.000000,1.000000,0.222281,4.732019,0.000000
0.000000,0.000000,1.000000,-1.812661,1.513999,0.000000
1.000000,0.000000,0.000000,1.043376,-0.032050,1.000000
0.000000,0.000000,1.000000,-0.852218,3.404255,0.000000
0.000000,0.000000,0.000000,-1.193487,-1.874889,1.000000
0.000000,0.000000,0.000000,-0.407003,1.895081,0.000000
0.000000,1.000000,1.000000,-1.585528,3.166981,0.000000
0.000000,0.000000,0.000000,-2.092143,-0.214429,0.000000
1.000000,0.000000,1.000000,1.524453,-0.380196,0.000000
0.000000,0.000000,0.000000,0.038991,1.431692,0.000000
0.000000,0.000000,1.000000,-0.312447,-0.358095,0.000000
0.000000,0.000000,0.000000,0.503325,2.510649,1.000000
0.000000,0.000000,1.000000,-1.819315,1.784057,0.000000
0.000000,0.000000,0.000000,-1.198409,-0.161530,0.000000
0.000000,0.000000,0.000000,-1.465895,6.937708,0.000000
0.000000,0.000000,0.000000,0.064977,4.298723,1.000000
0.000000,0.000000,1.000000,-3.003843,1.603293,0.000000
1.000000,0.000000,0.000000,0.088299,-0.760412,1.000000
1.000000,1.000000,1.000000,0.031866,2.491365,0.000000
0.000000,0.000000,1.000000,-2.866060,1.838751,0.000000
1.000000,0.000000,1.000000,-0.344072,-2.896628,1.000000
0.000000,1.000000,0.000000,0.404729,0.780810,0.000000
0.000000,0.000000,1.000000,-0.468645,2.572262,1.000000
0.000000,0.000000,0.000000,-0.769624,-1.040682,0.000000
1.000000,0.000000,1.000000,-1.430769,-0.091779,0.000000
1.000000,0.000000,1.000000,0.807504,-2.597545,1.000000
1.000000,0.000000,0.000000,0.079210,-1.485896,1.000000
0.000000,0.000000,0.000000,0.186604,2.419655,0.000000
0.000000,0.000000,1.000000,-1.032475,2.835412,0.000000
1.000000,0.000000,0.000000,0.406629,-0.171873,1.000000
0.000000,0.000000,0.000000,0.266444,2.800311,0.000000
0.000000,1.000000,1.000000,-0.871642,5.169799,0.000000
1.000000,1.000000,1.000000,0.881717,0.448463,0.000000
0.000000,0.000000,1.000000,-3.103121,2.515250,0.000000
0.000000,0.000000,0.000000,-0.396357,-0.130705,1.000000
1.000000,0.000000,0.000000,1.479623,-1.650438,0.000000
0.000000,1.000000,1.000000,-0.613391,4.740583,0.000000
0.000000,0.000000,0.000000,1.012612,2.649951,0.000000
0.000000,1.000000,1.000000,-1.665745,3.748330,0.000000
0.000000,0.000000,0.000000,-1.789341,0.752226,0.000000
1.000000,0.000000,0.000000,-0.804337,-2.246946,1.000000
0.000000,0.000000,1.000000,-2.259642,4.605414,0.000000
1.000000,1.000000,1.000000,-0.190668,0.194298,1.000000
1.000000,0.000000,1.000000,0.071177,1.332579,1.000000
0.000000,1.000000,0.000000,-0.483647,2.411208,0.000000
1.000000,0.000000,0.000000,1.024066,0.100912,1.000000
0.000000,0.000000,0.000000,-1.160744,2.159789,0.000000
1.000000,0.000000,0.000000,0.008108,1.111052,0.000000
1.000000,0.000000,0.000000,0.989139,0.459995,1.000000
0.000000,1.000000,1.000000,0.058347,1.320948,0.000000
0.000000,0.000000,0.000000,0.506753,1.610199,0.000000
1.000000,0.000000,0.000000,1.633170,0.366199,1.000000
1.000000,0.000000,0.000000,0.788075,4.015090,0.000000
1.000000,0.000000,1.000000,-0.456112,0.814442,0.000000
0.000000,0.000000,0.000000,-0.612516,0.013001,0.000000
0.000000,0.000000,0.000000,-1.051722,-0.281613,1.000000
1.000000,0.000000,0.000000,2.478174,-2.380142,1.000000
0.000000,0.000000,1.000000,-0.832874,1.478334,0.000000
0.000000,0.000000,0.000000,-1.113872,2.162510,0.000000
0.000000,0.000000,1.000000,-1.304288,3.235595,0.000000
0.000000,0.000000,0.000000,-0.503685,1.881253,0.000000
1.000000,0.000000,0.000000,0.953119,-0.000273,0.000000
1.000000,0.000000,1.000000,-2.090502,3.966741,0.000000
0.000000,0.000000,1.000000,-0.477185,2.953701,0.000000
1.000000,1.000000,0.000000,2.533388,0.296146,1.000000
0.000000,0.000000,0.000000,-0.210263,-1.267851,1.000000
0.000000,1.000000,0.000000,0.424841,2.907665,0.000000
1.000000,1.000000,0.000000,1.948296,2.574035,1.000000
1.000000,1.000000,1.000000,-0.235496,1.054001,0.000000
0.000000,1.000000,0.000000,-0.975098,-0.216899,1.000000
0.000000,0.000000,0.000000,0.893017,-1.578410,1.000000
1.000000,1.000000,0.000000,2.306940,-1.227284,1.000000
0.000000,1.000000,1.000000,-1.688705,2.827596,0.000000
0.000000,0.000000,0.000000,-0.315586,2.146217,0.000000
1.000000,0.000000,0.000000,0.830549,-0.406218,1.000000
0.000000,0.000000,0.000000,-0.852142,1.854267,0.000000
0.000000,0.000000,0.000000,0.280941,0.935971,0.000000
0.000000,0.000000,0.000000,0.021015,-1.001764,0.000000
0.000000,0.000000,0.000000,-0.260464,3.878898,0.000000
1.000000,1.000000,0.000000,1.448853,1.309492,0.000000
1.000000,0.000000,0.000000,0.243836,3.323459,0.000000
0.000000,0.000000,0.000000,0.160784,2.409238,0.000000
1.000000,1.000000,0.000000,2.574188,0.632587,1.000000
0.000000,0.000000,0.000000,-0.512573,0.405649,0.000000
0.000000,0.000000,0.000000,0.519311,2.813001,0.000000
1.000000,0.000000,0.000000,-0.266675,1.872008,0.000000
0.000000,0.000000,0.000000,-1.299126,-0.328970,0.000000
0.000000,0.000000,1.000000,-0.333511,-0.383188,0.000000
0.000000,0.000000,0.000000,0.952243,4.855759,0.000000
0.000000,0.000000,0.000000,-0.336339,-0.851465,0.000000
1.000000,1.000000,1.000000,1.376444,-2.472505,1.000000
1.000000,0.000000,1.000000,-1.680719,2.241353,0.000000
0.000000,0.000000,0.000000,-1.794395,2.405906,1.000000
0.000000,0.000000,0.000000,0.866979,-0.453570,1.000000
0.000000,0.000000,0.000000,-0.369843,2.309429,0.000000
0.000000,0.000000,0.000000,-0.233968,4.598804,0.000000
1.000000,1.000000,0.000000,3.607335,-1.277581,1.000000
1.000000,0.000000,0.000000,2.831861,3.638001,0.000000
1.000000,0.000000,0.000000,1.864732,3.454426,1.000000
1.000000,0.000000,0.000000,0.318179,-0.193550,0.000000
0.000000,0.000000,0.000000,-0.803666,-1.132358,0.000000
1.000000,1.000000,0.000000,1.932540,-1.966596,1.000000
1.000000,1.000000,0.000000,0.578012,1.746849,0.000000
1.000000,1.000000,0.000000,1.558982,0.507689,0.000000
0.000000,0.000000,0.000000,1.146729,0.890525,1.000000
0.000000,0.000000,0.000000,-0.390896,2.145000,0.000000
0.000000,0.000000,0.000000,0.439525,2.223237,1.000000
0.000000,0.000000,0.000000,0.046197,-0.992740,0.000000
0.000000,0.000000,0.000000,-0.960948,2.490936,0.000000
0.000000,0.000000,1.000000,-2.060411,-0.311639,1.000000
1.000000,0.000000,0.000000,0.811850,0.294885,1.000000
1.000000,0.000000,1.000000,-1.281869,2.284178,0.000000
1.000000,1.000000,0.000000,2.505392,2.820461,0.000000
1.000000,1.000000,0.000000,-0.315483,2.202344,0.000000
0.000000,0.000000,1.000000,-2.495974,4.352241,0.000000
0.000000,0.000000,0.000000,-1.789076,3.013500,0.000000
1.000000,1.000000,0.000000,1.221364,0.449539,1.000000
0.000000,0.000000,0.000000,-0.895411,3.318837,0.000000
