0.000000,0.000000,0.000000,0.584879,0.575109,0.000000
1.000000,0.000000,0.000000,-0.201547,-2.293422,1.000000
1.000000,0.000000,0.000000,0.754395,1.152428,0.000000
1.000000,1.000000,0.000000,0.820818,-0.058938,1.000000
1.000000,1.000000,1.000000,0.251137,3.861222,1.000000
1.000000,0.000000,1.000000,0.276571,4.189101,1.000000
1.000000,0.000000,1.000000,-0.258488,0.896955,0.000000
0.000000,0.000000,1.000000,-0.585145,2.598124,0.000000
1.000000,0.000000,0.000000,0.775168,-0.138022,1.000000
1.000000,0.000000,1.000000,-0.451094,2.216865,1.000000
1.000000,1.000000,1.000000,0.629810,0.344224,1.000000
0.000000,0.000000,1.000000,-3.156556,3.656563,0.000000
0.000000,0.000000,1.000000,-0.406716,2.905452,0.000000
1.000000,1.000000,0.000000,2.133218,1.124929,0.000000
0.000000,0.000000,1.000000,-2.132547,1.051761,0.000000
0.000000,0.000000,1.000000,-0.469141,2.783523,0.000000
1.000000,1.000000,1.000000,0.439108,-2.960806,0.000000
1.000000,1.000000,1.000000,-0.531494,3.363232,0.000000
0.000000,0.000000,1.000000,-2.087181,-0.634288,0.000000
0.000000,0.000000,0.000000,0.493584,1.115001,0.000000
0.000000,1.000000,0.000000,0.091724,0.561393,0.000000
0.000000,1.000000,0.000000,-0.403440,1.594588,0.000000
1.000000,1.000000,1.000000,1.039934,0.064553,1.000000
1.000000,0.000000,1.000000,-0.104754,-0.629972,0.000000
0.000000,0.000000,0.000000,-0.573756,2.952624,0.000000
0.000000,0.000000,0.000000,-0.427427,0.599989,0.000000
1.000000,1.000000,0.000000,1.482198,-4.586082,1.000000
0.000000,0.000000,0.000000,-0.779868,-1.362258,1.000000
0.000000,0.000000,0.000000,-0.814597,0.251258,0.000000
0.000000,0.000000,0.000000,-0.305909,2.768998,0.000000
0.000000,0.000000,0.000000,-1.913471,2.735388,0.000000
0.000000,0.000000,1.000000,-2.242396,-0.012365,0.000000
0.000000,0.000000,0.000000,-0.480459,2.133701,0.000000
1.000000,0.000000,0.000000,-1.097313,2.275164,1.000000
0.000000,0.000000,0.000000,-0.888984,-1.500389,0.000000
0.000000,0.000000,0.000000,-0.913419,1.040765,0.000000
0.000000,1.000000,1.000000,-1.611496,1.682458,0.000000
0.000000,0.000000,0.000000,-1.519489,3.021008,0.000000
0.000000,0.000000,0.000000,-0.494346,2.615501,0.000000
0.000000,1.000000,0.000000,-0.506169,3.648837,0.000000
0.000000,0.000000,0.000000,-0.193413,1.087502,0.000000
1.000000,0.000000,0.000000,0.016731,-0.500915,0.000000
0.000000,0.000000,0.000000,-0.129876,1.885039,1.000000
0.000000,0.000000,0.000000,0.340062,1.197785,1.000000
0.000000,0.000000,0.000000,0.041374,1.926565,0.000000
1.000000,0.000000,1.000000,-0.815577,0.682907,0.000000
1.000000,0.000000,0.000000,2.168781,2.116136,1.000000
0.000000,0.000000,1.000000,-1.262458,1.869305,0.000000
0.000000,1.000000,1.000000,-0.739370,3.313270,0.000000
1.000000,0.000000,0.000000,2.185867,3.914379,0.000000
0.000000,1.000000,1.000000,-1.731027,0.268332,0.000000
0.000000,0.000000,0.000000,-1.521259,-0.318593,0.000000
1.000000,0.000000,0.000000,0.478338,1.638760,0.000000
0.000000,0.000000,1.000000,-0.415367,2.352908,0.000000
0.000000,0.000000,1.000000,-2.569669,1.548512,0.000000
0.000000,0.000000,0.000000,0.093684,1.310020,0.000000
0.000000,0.000000,0.000000,-0.332760,2.312598,0.000000
0.000000,0.000000,0.000000,1.375792,1.099897,1.000000
1.000000,0.000000,0.000000,0.554947,2.024843,0.000000
0.000000,0.000000,0.000000,-1.700039,1.924031,0.000000
1.000000,1.000000,1.000000,-0.459859,2.290002,0.000000
0.000000,0.000000,0.000000,-1.086189,2.087330,0.000000
0.000000,0.000000,0.000000,-1.745806,-1.819162,0.000000
0.000000,1.000000,1.000000,-1.105990,1.396513,0.000000
1.000000,0.000000,0.000000,0.502415,1.439564,1.000000
1.000000,0.000000,1.000000,-0.392944,-1.246724,0.000000
1.000000,0.000000,1.000000,-1.034971,-3.422137,0.000000
1.000000,0.000000,0.000000,0.342052,-1.090938,1.000000
0.000000,0.000000,0.000000,1.851901,1.062762,1.000000
0.000000,0.000000,1.000000,-0.608938,1.961866,0.000000
1.000000,0.000000,0.000000,-0.041490,2.840162,0.000000
1.000000,0.000000,1.000000,-0.954470,0.052872,0.000000
0.000000,0.000000,0.000000,0.349528,2.262620,1.000000
1.000000,1.000000,0.000000,0.486140,1.704059,0.000000
0.000000,0.000000,1.000000,-3.054045,-0.447293,0.000000
0.000000,0.000000,1.000000,-0.639034,0.291013,0.000000
0.000000,0.000000,0.000000,1.307525,2.456641,0.000000
0.000000,0.000000,0.000000,0.583474,-1.077117,1.000000
1.000000,0.000000,0.000000,-0.319633,-0.045354,0.000000
0.000000,0.000000,0.000000,-1.598166,-1.912151,0.000000
1.000000,0.000000,1.000000,1.240190,-1.551482,1.000000
1.000000,0.000000,1.000000,-2.095078,-0.272599,0.000000
0.000000,0.000000,1.000000,-0.346526,-0.184246,1.000000
0.000000,0.000000,0.000000,0.014663,1.537460,1.000000
0.000000,0.000000,0.000000,-0.271904,2.496540,0.000000
0.000000,0.000000,1.000000,0.145633,5.134985,0.000000
0.000000,0.000000,1.000000,-2.056700,1.220314,0.000000
1.000000,1.000000,0.000000,0.911757,-1.440631,1.000000
1.000000,0.000000,0.000000,0.348830,-0.303183,1.000000
0.000000,0.000000,0.000000,-1.842404,2.894676,0.000000
0.000000,0.000000,1.000000,-1.237321,3.385047,0.000000
1.000000,0.000000,1.000000,-1.035955,1.365232,0.000000
1.000000,0.000000,0.000000,-0.731275,2.342736,1.000000
0.000000,0.000000,0.000000,-0.902931,-0.891826,1.000000
1.000000,1.000000,0.000000,1.825292,0.597948,0.000000
1.000000,1.000000,0.000000,1.730208,0.539674,1.000000
0.000000,0.000000,0.000000,0.490938,1.426947,1.000000
1.000000,1.000000,1.000000,0.722615,2.324803,0.000000
1.000000,0.000000,0.000000,1.183109,1.526037,1.000000
1.000000,0.000000,0.000000,-0.505863,-0.199778,1.000000
1.000000,0.000000,0.000000,0.265887,-1.639525,1.000000
1.000000,1.000000,0.000000,0.635602,2.027368,0.000000
0.000000,0.000000,0.000000,-0.240588,-2.074587,1.000000
0.000000,0.000000,0.000000,-0.639432,-0.167640,0.000000
0.000000,1.000000,0.000000,0.180554,3.564295,0.000000
0.000000,0.000000,0.000000,-0.022508,5.565474,0.000000
1.000000,0.000000,0.000000,0.312519,-0.167569,0.000000
0.000000,1.000000,0.000000,1.385877,6.274822,0.000000
0.000000,0.000000,1.000000,-0.137737,1.729699,0.000000
0.000000,0.000000,1.000000,-2.643524,3.024165,0.000000
1.000000,0.000000,0.000000,-0.117589,1.105985,1.000000
0.000000,0.000000,1.000000,-1.949524,0.943864,0.000000
0.000000,0.000000,1.000000,-1.382209,0.706012,0.000000
1.000000,0.000000,0.000000,0.363675,4.279978,0.000000
1.000000,1.000000,1.000000,0.601230,3.650196,0.000000
0.000000,0.000000,1.000000,-1.210437,2.677753,0.000000
0.000000,0.000000,1.000000,-1.522788,5.099951,0.000000
1.000000,1.000000,1.000000,-0.122065,2.300552,1.000000
0.000000,0.000000,0.000000,-0.247806,2.677271,0.000000
0.000000,0.000000,0.000000,2.377831,-1.011222,0.000000
0.000000,0.000000,0.000000,-1.227313,2.567436,1.000000
0.000000,1.000000,1.000000,0.302866,7.501123,0.000000
1.000000,1.000000,1.000000,0.323364,-0.160289,0.000000
0.000000,0.000000,1.000000,-0.486934,0.751251,0.000000
1.000000,1.000000,1.000000,0.322867,2.160670,1.000000
0.000000,0.000000,0.000000,0.414783,1.812197,0.000000
0.000000,0.000000,0.000000,-0.610685,2.196124,0.000000
1.000000,0.000000,0.000000,-0.786535,1.865471,0.000000
1.000000,0.000000,0.000000,1.287497,-0.066208,1.000000
1.000000,1.000000,0.000000,1.714193,4.307698,0.000000
1.000000,0.000000,1.000000,-0.278856,0.903875,1.000000
1.000000,0.000000,0.000000,0.308908,-0.638114,0.000000
0.000000,0.000000,0.000000,0.835111,1.319927,0.000000
0.000000,1.000000,1.000000,0.249480,5.650008,0.000000
0.000000,0.000000,1.000000,-0.987585,-2.186766,1.000000
1.000000,0.000000,0.000000,0.507905,0.137103,1.000000
0.000000,0.000000,0.000000,-0.117376,5.045490,0.000000
1.000000,0.000000,0.000000,-0.991936,-0.382217,1.000000
0.000000,0.000000,0.000000,0.545396,-0.420300,1.000000
0.000000,0.000000,0.000000,-0.807882,1.723834,0.000000
0.000000,1.000000,0.000000,-0.801613,4.393084,1.000000
0.000000,0.000000,0.000000,-1.095389,1.217169,0.000000
1.000000,0.000000,0.000000,1.119096,0.386520,1.000000
0.000000,0.000000,1.000000,-0.451551,2.903746,0.000000
1.000000,0.000000,0.000000,0.021576,1.974213,0.000000
0.000000,1.000000,1.000000,-0.705081,3.063922,1.000000
0.000000,0.000000,0.000000,1.115790,-0.825230,0.000000
1.000000,0.000000,0.000000,1.640702,-3.568861,1.000000
1.000000,1.000000,1.000000,-0.539499,1.546131,0.000000
1.000000,0.000000,1.000000,-0.293220,-2.834234,0.000000
0.000000,0.000000,1.000000,-2.232960,0.753153,0.000000
1.000000,0.000000,0.000000,0.884820,1.373653,1.000000
1.000000,0.000000,1.000000,0.082552,1.776167,0.000000
0.000000,0.000000,1.000000,-2.299984,2.180055,0.000000
0.000000,0.000000,0.000000,0.385846,0.691312,0.000000
1.000000,0.000000,0.000000,0.652719,-1.282088,1.000000
0.000000,1.000000,0.000000,-0.714549,3.571614,0.000000
0.000000,0.000000,1.000000,-2.309631,0.108755,0.000000
1.000000,1.000000,1.000000,0.737151,0.997781,1.000000
0.000000,0.000000,0.000000,1.466759,-1.040441,0.000000
0.000000,0.000000,1.000000,0.129467,2.654554,0.000000
1.000000,1.000000,0.000000,0.909799,1.611960,1.000000
0.000000,0.000000,1.000000,-0.780296,3.459894,0.000000
0.000000,0.000000,0.000000,-1.202535,4.067183,0.000000
0.000000,0.000000,0.000000,-0.525469,-0.017404,1.000000
0.000000,0.000000,1.000000,-0.701034,3.075890,0.000000
0.000000,0.000000,0.000000,-2.576741,1.391432,0.000000
1.000000,0.000000,0.000000,0.439462,1.203440,1.000000
0.000000,0.000000,1.000000,-0.932068,2.749575,1.000000
0.000000,0.000000,0.000000,0.646080,1.805028,0.000000
1.000000,0.000000,0.000000,-0.534543,-1.351770,0.000000
0.000000,0.000000,0.000000,-0.922079,0.038218,0.000000
0.000000,0.000000,0.000000,0.926787,3.454462,0.000000
1.000000,0.000000,0.000000,1.361381,0.548793,1.000000
0.000000,1.000000,1.000000,0.018635,5.782674,0.000000
0.000000,0.000000,0.000000,-0.110003,-0.282858,1.000000
1.000000,0.000000,1.000000,0.218668,-1.622638,0.000000
0.000000,0.000000,0.000000,-1.198082,2.897697,0.000000
0.000000,1.000000,1.000000,0.124840,4.184973,0.000000
1.000000,0.000000,0.000000,0.424040,0.275118,0.000000
0.000000,0.000000,0.000000,-1.094498,1.717516,1.000000
0.000000,0.000000,1.000000,0.127406,1.624430,0.000000
0.000000,1.000000,0.000000,0.866820,0.619404,0.000000
1.000000,0.000000,0.000000,2.019151,-3.190127,1.000000
0.000000,0.000000,1.000000,-1.713543,1.830292,0.000000
0.000000,0.000000,0.000000,0.224879,4.741108,1.000000
0.000000,0.000000,0.000000,0.332820,2.211703,0.000000
1.000000,1.000000,1.000000,0.574856,0.018702,0.000000
0.000000,0.000000,0.000000,0.326818,2.720350,0.000000
1.000000,1.000000,0.000000,2.674507,0.982408,1.000000
0.000000,0.000000,1.000000,-2.529619,5.087362,0.000000
1.000000,0.000000,0.000000,1.862901,1.570290,1.000000
0.000000,0.000000,0.000000,1.037582,2.655297,1.000000
0.000000,0.000000,1.000000,-2.205556,3.328356,0.000000
0.000000,1.000000,1.000000,-0.951587,4.641600,0.000000
0.000000,0.000000,0.000000,-1.300534,2.029852,0.000000
0.000000,0.000000,0.000000,0.926304,4.072954,0.000000
1.000000,0.000000,1.000000,0.359240,1.431937,0.000000
1.000000,0.000000,0.000000,-0.082333,2.620966,1.000000
0.000000,0.000000,0.000000,-0.640708,1.754868,0.000000
0.000000,0.000000,0.000000,0.012769,2.572605,0.000000
0.000000,0.000000,0.000000,0.962343,-0.804849,0.000000
0.000000,0.000000,0.000000,-1.024201,3.015700,0.000000
1.000000,1.000000,1.000000,0.573657,0.107040,0.000000
0.000000,1.000000,1.000000,-0.660682,2.657755,0.000000
0.000000,0.000000,0.000000,0.401346,2.970077,0.000000
1.000000,1.000000,0.000000,1.421983,-0.156898,0.000000
0.000000,0.000000,1.000000,-1.286229,0.836635,0.000000
1.000000,0.000000,0.000000,1.381687,1.094262,0.000000
1.000000,0.000000,0.000000,1.052068,-2.998251,1.000000
0.000000,0.000000,0.000000,-1.296294,0.197380,0.000000
0.000000,0.000000,0.000000,-0.796965,2.046022,0.000000
0.000000,1.000000,0.000000,1.103839,2.570339,0.000000
1.000000,1.000000,0.000000,-0.102764,-0.786306,0.000000
1.000000,0.000000,0.000000,-1.538130,-0.932741,0.000000
1.000000,1.000000,1.000000,-0.271525,2.120922,0.000000
1.000000,0.000000,1.000000,-2.173969,-0.860138,0.000000
0.000000,0.000000,1.000000,-0.756718,1.046598,0.000000
1.000000,0.000000,0.000000,0.954099,-0.024260,0.000000
1.000000,0.000000,0.000000,-0.101541,-1.866665,1.000000
0.000000,0.000000,1.000000,-2.183647,1.428302,0.000000
0.000000,0.000000,0.000000,-0.006403,-2.444666,1.000000
1.000000,0.000000,0.000000,0.614199,0.265290,1.000000
1.000000,1.000000,0.000000,0.397665,0.037727,0.000000
0.000000,0.000000,0.000000,-2.448148,0.538774,0.000000
0.000000,1.000000,1.000000,-2.725947,1.762084,0.000000
1.000000,1.000000,0.000000,2.294941,-0.460346,0.000000
0.000000,0.000000,1.000000,-1.472409,4.494726,0.000000
1.000000,1.000000,1.000000,-0.625802,3.147499,0.000000
0.000000,0.000000,1.000000,0.122942,4.249441,0.000000
1.000000,0.000000,1.000000,1.370971,3.457130,0.000000
1.000000,1.000000,1.000000,1.391864,1.747738,1.000000
1.000000,0.000000,0.000000,0.557193,-1.169712,1.000000
0.000000,0.000000,0.000000,-0.729200,1.054255,0.000000
0.000000,0.000000,1.000000,-2.078586,-2.482204,0.000000
0.000000,0.000000,1.000000,-1.326232,2.186525,0.000000
0.000000,0.000000,0.000000,-1.529789,1.150425,0.000000
0.000000,0.000000,1.000000,-1.450648,4.594068,0.000000
1.000000,0.000000,1.000000,-2.355539,1.135247,0.000000
1.000000,0.000000,0.000000,0.881778,-1.294385,1.000000
1.000000,0.000000,0.000000,-0.184505,-0.517782,1.000000
0.000000,0.000000,0.000000,0.509297,3.522753,1.000000
0.000000,0.000000,0.000000,0.332607,-0.738535,0.000000
0.000000,0.000000,0.000000,-0.958562,5.635211,0.000000
0.000000,0.000000,0.000000,-0.465272,3.294657,0.000000
1.000000,1.000000,0.000000,0.637761,0.456820,0.000000
1.000000,0.000000,0.000000,-1.145684,-1.454244,0.000000
1.000000,0.000000,1.000000,-0.522290,-2.061677,0.000000
1.000000,0.000000,1.000000,0.056598,-2.168039,0.000000
0.000000,0.000000,0.000000,-0.373570,0.960145,0.000000
0.000000,1.000000,1.000000,0.188641,2.163090,0.000000
0.000000,1.000000,1.000000,-0.555701,7.412464,0.000000
0.000000,0.000000,0.000000,-0.460364,0.969001,0.000000
1.000000,0.000000,0.000000,1.084432,1.683265,1.000000
1.000000,0.000000,0.000000,0.451941,0.144467,1.000000
1.000000,0.000000,1.000000,-1.181295,3.176576,1.000000
1.000000,0.000000,1.000000,-0.969348,0.724106,0.000000
1.000000,1.000000,1.000000,-0.221984,0.772590,0.000000
0.000000,0.000000,1.000000,-1.610420,2.110328,0.000000
0.000000,0.000000,1.000000,-0.309446,1.228063,0.000000
1.000000,0.000000,0.000000,1.005280,1.456669,0.000000
0.000000,1.000000,0.000000,1.500532,0.378050,0.000000
1.000000,0.000000,1.000000,-0.018504,0.577201,1.000000
0.000000,1.000000,0.000000,-0.218543,-0.493979,0.000000
0.000000,0.000000,0.000000,0.026576,2.885694,0.000000
1.000000,1.000000,0.000000,0.632068,2.067186,1.000000
0.000000,0.000000,0.000000,0.693290,2.712811,0.000000
0.000000,0.000000,0.000000,-0.450035,2.304662,0.000000
1.000000,0.000000,1.000000,-0.376320,-1.735823,0.000000
0.000000,0.000000,1.000000,0.551333,1.207417,0.000000
0.000000,0.000000,0.000000,0.542112,4.516983,0.000000
1.000000,0.000000,0.000000,1.406499,-1.733936,1.000000
0.000000,0.000000,0.000000,0.449938,1.936682,0.000000
1.000000,1.000000,1.000000,1.392876,-2.872026,1.000000
0.000000,0.000000,0.000000,-1.446242,2.552979,0.000000
1.000000,0.000000,0.000000,0.741570,0.817732,0.000000
0.000000,0.000000,0.000000,0.458424,0.789722,0.000000
1.000000,0.000000,0.000000,0.517253,0.235193,1.000000
0.000000,0.000000,0.000000,0.191737,4.066701,0.000000
0.000000,0.000000,1.000000,-2.188875,2.646505,0.000000
0.000000,0.000000,1.000000,-0.326013,2.103269,0.000000
1.000000,0.000000,0.000000,-0.325695,0.563645,0.000000
0.000000,0.000000,0.000000,-0.116367,1.175439,0.000000
1.000000,0.000000,0.000000,0.739081,-2.352668,1.000000
0.000000,0.000000,0.000000,0.481466,-0.468757,0.000000
0.000000,0.000000,0.000000,0.446188,3.850323,0.000000
0.000000,1.000000,1.000000,-0.875758,2.741458,0.000000
1.000000,1.000000,1.000000,0.415146,0.231549,0.000000
1.000000,0.000000,0.000000,0.784410,0.033550,1.000000
0.000000,0.000000,1.000000,-0.981411,6.928840,0.000000
1.000000,0.000000,0.000000,1.386067,-0.450267,1.000000
1.000000,0.000000,1.000000,0.304533,-1.271450,1.000000
1.000000,0.000000,0.000000,0.201232,0.231421,1.000000
0.000000,0.000000,0.000000,-0.183108,1.708795,1.000000
0.000000,0.000000,0.000000,-2.221822,1.033861,0.000000
0.000000,0.000000,0.000000,-0.953567,1.289498,0.000000
0.000000,0.000000,0.000000,0.618327,-0.204104,1.000000
0.000000,0.000000,1.000000,-0.956722,0.348239,0.000000
1.000000,0.000000,0.000000,1.037268,2.699497,1.000000
0.000000,0.000000,0.000000,-0.233540,5.405363,0.000000
1.000000,0.000000,1.000000,-0.679590,-0.925885,1.000000
1.000000,0.000000,0.000000,-0.277048,-0.556355,0.000000
0.000000,0.000000,1.000000,-0.828055,4.187519,0.000000
0.000000,0.000000,0.000000,-1.850755,-1.449278,0.000000
0.000000,1.000000,0.000000,-0.105435,3.830372,0.000000
0.000000,0.000000,1.000000,-0.688328,4.470096,0.000000
0.000000,0.000000,0.000000,0.249315,-3.172838,1.000000
0.000000,0.000000,1.000000,-0.838231,2.158074,0.000000
1.000000,0.000000,0.000000,-0.109452,-2.805507,1.000000
1.000000,0.000000,1.000000,-0.161043,-1.707729,1.000000
1.000000,1.000000,1.000000,-0.480117,0.023029,1.000000
0.000000,0.000000,0.000000,-0.199023,0.488464,0.000000
1.000000,0.000000,0.000000,1.001540,1.905690,1.000000
1.000000,0.000000,0.000000,0.630277,-1.907952,0.000000
0.000000,0.000000,0.000000,-0.907430,0.942360,0.000000
0.000000,1.000000,1.000000,-0.105596,3.365610,0.000000
0.000000,0.000000,1.000000,-1.200586,-0.334468,0.000000
1.000000,0.000000,0.000000,1.810702,1.225199,0.000000
1.000000,1.000000,1.000000,1.041001,2.041390,0.000000
0.000000,0.000000,1.000000,-0.455182,-0.276835,0.000000
0.000000,0.000000,0.000000,0.609764,2.687651,0.000000
0.000000,0.000000,1.000000,-0.932398,1.606766,0.000000
0.000000,0.000000,0.000000,-0.132931,3.803547,0.000000
0.000000,0.000000,0.000000,-0.025568,1.189364,0.000000
1.000000,1.000000,0.000000,1.557500,-2.367605,1.000000
0.000000,0.000000,0.000000,0.655630,0.544897,1.000000
0.000000,0.000000,1.000000,-2.702832,2.217810,0.000000
0.000000,0.000000,0.000000,-0.416237,2.575109,0.000000
0.000000,1.000000,1.000000,0.017679,4.260861,0.000000
0.000000,0.000000,0.000000,1.187710,-0.124880,1.000000
1.000000,1.000000,0.000000,0.930176,1.537422,0.000000
0.000000,0.000000,0.000000,-1.431875,0.658210,0.000000
1.000000,0.000000,0.000000,-0.053809,-2.500780,1.000000
1.000000,1.000000,0.000000,0.468853,1.668966,1.000000
0.000000,1.000000,1.000000,-1.910008,4.215656,0.000000
0.000000,0.000000,0.000000,-1.009809,2.398816,1.000000
1.000000,1.000000,0.000000,0.756082,1.143757,0.000000
0.000000,0.000000,0.000000,-0.956649,2.335640,0.000000
1.000000,0.000000,1.000000,-0.428469,2.777789,0.000000
0.000000,1.000000,1.000000,-0.003509,3.510258,0.000000
0.000000,1.000000,1.000000,-1.448520,1.670170,0.000000
0.000000,0.000000,0.000000,-1.054825,0.560862,0.000000
0.000000,0.000000,1.000000,-1.508761,0.221597,1.000000
1.000000,0.000000,0.000000,0.539597,0.069536,0.000000
0.000000,0.000000,0.000000,-1.537108,-0.463977,0.000000
1.000000,1.000000,1.000000,-0.012890,-2.180692,0.000000
0.000000,0.000000,1.000000,-0.780836,0.384436,0.000000
0.000000,0.000000,0.000000,-0.602039,1.305524,0.000000
1.000000,1.000000,0.000000,1.561756,0.427105,1.000000
0.000000,0.000000,1.000000,-1.299217,0.219152,0.000000
1.000000,1.000000,1.000000,2.727604,-0.873438,1.000000
1.000000,0.000000,0.000000,0.462785,-0.368296,1.000000
1.000000,1.000000,0.000000,-0.192617,-3.034784,1.000000
1.000000,0.000000,0.000000,0.576464,3.037780,0.000000
0.000000,0.000000,1.000000,-0.946193,0.435997,1.000000
0.000000,0.000000,0.000000,0.545511,3.982038,1.000000
0.000000,0.000000,0.000000,1.254154,4.261158,0.000000
0.000000,0.000000,1.000000,-1.374316,1.260669,1.000000
1.000000,1.000000,0.000000,0.181918,2.522721,1.000000
0.000000,0.000000,0.000000,-0.348841,2.939325,0.000000
1.000000,1.000000,0.000000,0.627942,1.110880,0.000000
0.000000,0.000000,1.000000,-2.041137,2.415016,0.000000
0.000000,1.000000,0.000000,-1.026685,3.714563,0.000000
1.000000,1.000000,0.000000,1.124418,0.598084,0.000000
0.000000,0.000000,0.000000,1.100914,1.493466,0.000000
1.000000,1.000000,0.000000,1.496449,-3.714887,1.000000
1.000000,0.000000,0.000000,0.767320,0.659781,1.000000
1.000000,0.000000,0.000000,0.609497,-1.832497,1.000000
0.000000,0.000000,0.000000,0.633894,1.934905,0.000000
0.000000,0.000000,1.000000,0.273820,-0.453270,0.000000
0.000000,0.000000,0.000000,-0.649479,0.363629,0.000000
1.000000,0.000000,0.000000,0.019854,-1.267082,0.000000
1.000000,0.000000,0.000000,1.420489,2.186768,1.000000
0.000000,0.000000,0.000000,0.187345,3.070986,0.000000
1.000000,1.000000,1.000000,-0.146470,1.719306,1.000000
0.000000,1.000000,1.000000,-0.380850,-0.174925,1.000000
0.000000,0.000000,0.000000,-1.587064,0.068289,0.000000
1.000000,1.000000,0.000000,2.970468,1.182828,1.000000
1.000000,1.000000,1.000000,0.474564,-0.484653,0.000000
0.000000,0.000000,1.000000,-1.166808,2.157675,0.000000
0.000000,0.000000,0.000000,-0.833408,0.133666,0.000000
1.000000,0.000000,1.000000,-0.132116,1.231123,1.000000
0.000000,0.000000,0.000000,-0.206332,0.237199,1.000000
0.000000,0.000000,1.000000,-1.186980,1.777553,0.000000
0.000000,0.000000,0.000000,-1.120071,6.575840,0.000000
0.000000,0.000000,1.000000,-2.132362,1.047948,0.000000
1.000000,1.000000,1.000000,1.184666,0.351852,0.000000
0.000000,0.000000,0.000000,-1.298930,0.026766,0.000000
0.000000,0.000000,0.000000,-0.492159,1.331136,0.000000
0.000000,0.000000,0.000000,-1.018792,0.986094,0.000000
0.000000,0.000000,1.000000,-2.173373,2.852949,0.000000
1.000000,1.000000,1.000000,-0.076256,3.459199,0.000000
0.000000,0.000000,0.000000,-1.471492,2.396010,0.000000
1.000000,0.000000,1.000000,-1.788827,2.769582,0.000000
0.000000,0.000000,1.000000,-1.995218,2.010498,0.000000
1.000000,0.000000,0.000000,-0.216313,-0.060925,0.000000
0.000000,0.000000,0.000000,0.314091,0.918843,1.000000
1.000000,1.000000,1.000000,-0.884673,2.239729,0.000000
0.000000,0.000000,0.000000,-0.132016,-0.245168,0.000000
0.000000,0.000000,1.000000,-0.078645,4.188276,0.000000
1.000000,0.000000,0.000000,1.388534,1.446682,0.000000
1.000000,1.000000,1.000000,0.486686,1.692888,0.000000
1.000000,0.000000,0.000000,-0.480979,-2.212309,1.000000
1.000000,0.000000,0.000000,0.967068,1.837936,1.000000
0.000000,0.000000,0.000000,0.771279,1.481676,0.000000
1.000000,1.000000,1.000000,-1.547268,0.505680,0.000000
0.000000,0.000000,0.000000,-0.358804,-0.183014,0.000000
0.000000,0.000000,0.000000,-1.134113,1.470194,1.000000
1.000000,1.000000,1.000000,-1.404158,3.000389,0.000000
0.000000,0.000000,0.000000,1.216548,2.332185,1.000000
1.000000,0.000000,1.000000,-1.335555,-0.590185,1.000000
1.000000,1.000000,1.000000,1.226997,2.233010,1.000000
0.000000,0.000000,0.000000,-0.348551,3.594944,1.000000
0.000000,0.000000,0.000000,-0.263241,3.539924,0.000000
0.000000,1.000000,0.000000,-0.721660,2.713952,0.000000
0.000000,0.000000,0.000000,-0.258167,1.260474,0.000000
0.000000,0.000000,0.000000,-0.269486,-1.017545,0.000000
0.000000,0.000000,1.000000,0.609562,3.145286,0.000000
1.000000,1.000000,0.000000,0.165325,2.511706,1.000000
1.000000,0.000000,0.000000,1.021664,2.948546,1.000000
0.000000,0.000000,0.000000,-1.326838,-1.280076,0.000000
1.000000,0.000000,0.000000,0.281598,0.005634,1.000000
0.000000,0.000000,0.000000,-0.937710,0.106775,0.000000
0.000000,0.000000,1.000000,-0.072752,-3.920396,1.000000
1.000000,0.000000,0.000000,-0.935276,-2.079012,1.000000
0.000000,0.000000,0.000000,-0.021651,3.875216,0.000000
0.000000,0.000000,0.000000,-0.524878,1.256912,0.000000
0.000000,1.000000,1.000000,-1.431007,2.651164,0.000000
0.000000,0.000000,0.000000,-0.260112,0.792791,0.000000
0.000000,0.000000,0.000000,-0.549727,0.850292,1.000000
1.000000,0.000000,0.000000,1.792327,1.178770,1.000000
1.000000,0.000000,0.000000,0.806512,-2.489148,0.000000
1.000000,1.000000,0.000000,2.140474,2.251726,1.000000
0.000000,0.000000,0.000000,1.723875,-0.384443,0.000000
0.000000,0.000000,0.000000,-1.421853,0.786737,0.000000
0.000000,1.000000,1.000000,0.720161,3.498583,0.000000
0.000000,0.000000,1.000000,0.300440,3.165675,0.000000
0.000000,0.000000,0.000000,-0.733770,5.591193,0.000000
0.000000,0.000000,1.000000,-0.824563,2.673941,0.000000
0.000000,0.000000,0.000000,-0.397606,0.502619,0.000000
0.000000,0.000000,1.000000,-0.458636,3.877667,0.000000
0.000000,0.000000,0.000000,-0.650228,0.275846,0.000000
0.000000,0.000000,0.000000,-0.291733,0.324118,1.000000
1.000000,1.000000,0.000000,1.317216,-0.033249,0.000000
0.000000,0.000000,1.000000,-3.226979,-1.042120,0.000000
1.000000,0.000000,1.000000,-0.941314,0.363904,0.000000
0.000000,0.000000,0.000000,-0.925267,2.568873,0.000000
0.000000,0.000000,0.000000,-0.065623,0.154673,0.000000
0.000000,1.000000,0.000000,-0.621297,3.025848,0.000000
0.000000,0.000000,1.000000,-0.789222,1.465393,0.000000
1.000000,0.000000,0.000000,0.493405,2.369453,0.000000
0.000000,0.000000,1.000000,-0.518734,0.708123,0.000000
1.000000,0.000000,0.000000,-0.410347,0.127606,0.000000
0.000000,0.000000,0.000000,0.773766,-1.047645,0.000000
0.000000,0.000000,0.000000,1.380063,0.749403,0.000000
0.000000,0.000000,1.000000,0.029900,1.961220,0.000000
0.000000,1.000000,0.000000,-0.059663,5.148630,0.000000
1.000000,0.000000,0.000000,-0.336180,-2.836220,1.000000
0.000000,0.000000,0.000000,1.300076,0.519884,0.000000
0.000000,0.000000,1.000000,-2.489600,-0.422896,0.000000
1.000000,0.000000,0.000000,-0.073352,1.704345,0.000000
0.000000,0.000000,1.000000,-1.681613,3.840936,0.000000
0.000000,0.000000,0.000000,-0.174455,-0.008122,0.000000
0.000000,0.000000,0.000000,-0.974629,2.614241,0.000000
0.000000,0.000000,0.000000,-0.937415,0.354470,1.000000
0.000000,0.000000,1.000000,-2.168706,4.972577,0.000000
1.000000,1.000000,0.000000,0.058076,2.415360,0.000000
0.000000,0.000000,0.000000,-0.375309,-1.041981,0.000000
0.000000,0.000000,0.000000,0.375835,0.947623,1.000000
1.000000,0.000000,0.000000,0.703756,0.252699,1.000000
1.000000,0.000000,0.000000,-1.072286,-1.656392,0.000000
0.000000,1.000000,1.000000,1.713818,1.271327,0.000000
1.000000,0.000000,0.000000,1.445483,0.305987,1.000000
0.000000,0.000000,0.000000,0.453306,-0.552397,0.000000
0.000000,0.000000,0.000000,1.070925,0.202018,0.000000
0.000000,0.000000,0.000000,-0.788448,-1.064859,0.000000
1.000000,0.000000,0.000000,1.531700,-3.038195,1.000000
0.000000,0.000000,0.000000,0.256010,2.415584,0.000000
0.000000,0.000000,1.000000,-0.906929,4.764350,0.000000
1.000000,0.000000,0.000000,0.097820,0.384589,1.000000
1.000000,0.000000,0.000000,-0.450723,-0.519492,0.000000
1.000000,0.000000,0.000000,2.159307,1.006651,1.000000
0.000000,0.000000,0.000000,1.155872,-0.388559,1.000000
1.000000,0.000000,1.000000,0.042346,0.371606,0.000000
1.000000,1.000000,0.000000,2.598972,-0.052390,0.000000
0.000000,0.000000,0.000000,-1.532172,0.667951,0.000000
0.000000,0.000000,0.000000,0.272607,-2.040703,1.000000
1.000000,0.000000,0.000000,0.006100,-2.104076,1.000000
1.000000,0.000000,0.000000,-0.112031,-4.132014,0.000000
1.000000,0.000000,0.000000,0.795391,-1.990182,1.000000
1.000000,0.000000,0.000000,0.743896,2.941690,1.000000
1.000000,0.000000,0.000000,-0.232919,1.277662,1.000000
0.000000,0.000000,0.000000,-0.126931,-2.479456,0.000000
0.000000,0.000000,1.000000,-1.997797,1.597082,0.000000
0.000000,0.000000,0.000000,-1.373626,-0.738786,0.000000
1.000000,0.000000,1.000000,0.878611,0.109303,1.000000
1.000000,0.000000,0.000000,0.670294,0.099924,0.000000
1.000000,0.000000,0.000000,0.941971,-0.733925,0.000000
0.000000,0.000000,0.000000,1.235531,1.019041,0.000000
0.000000,0.000000,0.000000,-1.785719,6.205613,0.000000
1.000000,0.000000,0.000000,0.560319,3.949982,1.000000
0.000000,1.000000,0.000000,-0.618297,3.851223,0.000000
0.000000,0.000000,1.000000,-1.482698,0.517306,0.000000
1.000000,0.000000,1.000000,-0.926484,-1.030261,0.000000
1.000000,0.000000,0.000000,0.372970,2.317399,0.000000
0.000000,0.000000,0.000000,-0.387345,3.055613,0.000000
0.000000,0.000000,0.000000,-0.905785,1.325217,0.000000
0.000000,0.000000,0.000000,0.483157,1.269808,0.000000
0.000000,1.000000,1.000000,-1.623150,3.197967,0.000000
1.000000,1.000000,1.000000,0.921049,0.306229,0.000000
0.000000,0.000000,0.000000,-0.967052,-2.504645,0.000000
1.000000,1.000000,0.000000,1.132048,0.100878,0.000000
1.000000,0.000000,1.000000,-1.102864,1.873823,0.000000
0.000000,1.000000,0.000000,-0.140486,2.454022,0.000000
0.000000,1.000000,1.000000,0.403373,2.935421,0.000000
0.000000,0.000000,0.000000,-0.457367,2.473389,0.000000
1.000000,0.000000,0.000000,0.228335,-2.803891,1.000000
0.000000,1.000000,1.000000,2.240321,2.641429,0.000000
1.000000,0.000000,0.000000,0.182900,1.286859,0.000000
0.000000,0.000000,0.000000,-0.676339,3.355950,0.000000
0.000000,0.000000,0.000000,1.456382,2.791209,0.000000
1.000000,0.000000,0.000000,-0.031151,0.913919,1.000000
0.000000,0.000000,1.000000,-2.490044,-0.283138,0.000000
0.000000,0.000000,1.000000,-0.246031,1.135229,0.000000
0.000000,0.000000,1.000000,-0.407790,3.851897,0.000000
0.000000,0.000000,0.000000,-1.056753,2.204684,0.000000
0.000000,0.000000,0.000000,0.784497,-1.271335,1.000000
0.000000,0.000000,0.000000,-0.330159,2.114832,0.000000
0.000000,1.000000,1.000000,0.943223,3.587339,0.000000
0.000000,0.000000,0.000000,-1.290037,0.736558,0.000000
1.000000,1.000000,0.000000,-0.171249,0.892036,0.000000
1.000000,1.000000,1.000000,0.374037,0.679043,0.000000
0.000000,0.000000,0.000000,0.703145,2.541439,0.000000
1.000000,0.000000,0.000000,0.502868,1.058862,1.000000
0.000000,0.000000,1.000000,-1.817638,1.255220,0.000000
0.000000,0.000000,1.000000,-2.820892,4.470636,0.000000
0.000000,1.000000,1.000000,-1.108264,1.849668,1.000000
1.000000,0.000000,0.000000,1.382539,-2.684981,0.000000
0.000000,1.000000,0.000000,-1.096530,0.791354,0.000000
0.000000,0.000000,1.000000,-0.079127,4.773814,0.000000
1.000000,1.000000,0.000000,0.854610,0.005580,1.000000
0.000000,1.000000,0.000000,-0.363448,3.223497,0.000000
1.000000,1.000000,0.000000,2.717767,0.515686,0.000000
0.000000,1.000000,1.000000,-0.010294,4.566733,0.000000
0.000000,0.000000,0.000000,-1.066216,0.514068,0.000000
0.000000,1.000000,1.000000,-1.074661,6.578407,0.000000
0.000000,0.000000,0.000000,-0.583959,1.100039,0.000000
0.000000,0.000000,0.000000,-0.453315,-2.601920,1.000000
1.000000,0.000000,0.000000,1.520059,-0.151146,1.000000
1.000000,0.000000,0.000000,1.821004,3.631997,0.000000
0.000000,1.000000,0.000000,0.197049,4.146851,0.000000
1.000000,1.000000,1.000000,0.018832,3.150047,0.000000
1.000000,0.000000,0.000000,-0.594021,-0.983401,1.000000
1.000000,1.000000,0.000000,-1.970328,0.177872,0.000000
1.000000,0.000000,0.000000,1.849042,0.445876,0.000000
0.000000,0.000000,0.000000,-0.003402,1.464886,0.000000
0.000000,0.000000,0.000000,0.787086,1.755616,0.000000
1.000000,0.000000,0.000000,1.265908,1.106643,1.000000
0.000000,1.000000,1.000000,-0.113256,4.249979,0.000000
0.000000,0.000000,0.000000,-0.223396,-3.162741,1.000000
0.000000,0.000000,0.000000,1.062258,0.804467,0.000000
1.000000,0.000000,1.000000,-0.576263,0.898457,1.000000
1.000000,1.000000,1.000000,0.835108,3.390759,0.000000
0.000000,0.000000,0.000000,0.746380,2.567200,0.000000
0.000000,1.000000,0.000000,0.398635,-0.420901,0.000000
0.000000,0.000000,0.000000,0.123279,1.319095,0.000000
0.000000,0.000000,0.000000,-0.453822,1.984607,0.000000
1.000000,0.000000,1.000000,0.539473,0.662154,1.000000
0.000000,0.000000,0.000000,-1.070251,-0.961085,0.000000
0.000000,0.000000,0.000000,-0.632965,1.230770,0.000000
1.000000,1.000000,1.000000,1.366002,0.922701,0.000000
1.000000,0.000000,0.000000,1.567849,-0.127856,0.000000
0.000000,0.000000,0.000000,-0.111844,0.235872,1.000000
0.000000,0.000000,1.000000,-1.987870,-0.982878,0.000000
0.000000,0.000000,0.000000,-1.565256,3.793282,0.000000
1.000000,1.000000,0.000000,0.453861,-1.160495,1.000000
1.000000,1.000000,0.000000,1.658716,1.650971,1.000000
0.000000,0.000000,0.000000,-1.193241,0.745551,0.000000
0.000000,0.000000,0.000000,0.531907,1.832407,0.000000
0.000000,0.000000,1.000000,-0.367855,-1.555154,0.000000
0.000000,0.000000,0.000000,-1.393014,-0.392749,0.000000
1.000000,0.000000,0.000000,-0.028953,-0.839588,1.000000
1.000000,0.000000,1.000000,-0.713437,1.083320,1.000000
1.000000,0.000000,0.000000,1.281156,-0.089385,1.000000
1.000000,0.000000,1.000000,-0.692126,-2.012406,1.000000
1.000000,0.000000,0.000000,0.638168,0.249383,1.000000
1.000000,0.000000,0.000000,0.285280,-1.032585,1.000000
0.000000,1.000000,1.000000,-0.165834,3.722023,0.000000
0.000000,0.000000,0.000000,-0.548212,2.748590,0.000000
0.000000,0.000000,1.000000,-0.896144,-1.546470,0.000000
0.000000,0.000000,1.000000,-2.746846,1.334050,0.000000
0.000000,0.000000,0.000000,-1.816386,3.620150,0.000000
0.000000,0.000000,0.000000,-0.120259,3.672303,0.000000
0.000000,0.000000,1.000000,-2.000027,2.737880,0.000000
1.000000,1.000000,0.000000,1.499109,-0.675373,1.000000
0.000000,0.000000,0.000000,-1.451476,1.870942,0.000000
1.000000,1.000000,0.000000,0.754124,2.167085,1.000000
1.000000,0.000000,0.000000,1.964167,0.534803,0.000000
1.000000,0.000000,1.000000,-1.314054,-0.956077,1.000000
0.000000,0.000000,0.000000,-0.762506,2.375873,0.000000
0.000000,0.000000,0.000000,0.416126,1.364353,0.000000
0.000000,0.000000,1.000000,-0.995936,0.646713,0.000000
1.000000,1.000000,0.000000,1.173010,0.834007,1.000000
0.000000,0.000000,0.000000,-2.748253,1.290039,0.000000
0.000000,0.000000,1.000000,-2.296614,5.029204,0.000000
1.000000,1.000000,1.000000,0.554317,0.830108,0.000000
0.000000,0.000000,0.000000,-0.498105,3.458543,0.000000
0.000000,0.000000,0.000000,-0.539439,1.233783,0.000000
1.000000,1.000000,1.000000,0.544888,0.452658,0.000000
0.000000,0.000000,0.000000,-1.573870,-0.644170,1.000000
0.000000,1.000000,0.000000,1.710538,2.320663,0.000000
1.000000,0.000000,0.000000,0.925222,1.688210,1.000000
0.000000,0.000000,0.000000,-0.111378,0.809203,0.000000
0.000000,0.000000,0.000000,-2.189807,2.012278,0.000000
1.000000,0.000000,0.000000,-0.123065,-2.365363,1.000000
1.000000,0.000000,1.000000,1.047792,2.287964,0.000000
0.000000,0.000000,1.000000,-1.189773,2.101228,0.000000
1.000000,1.000000,0.000000,1.168203,0.282013,1.000000
0.000000,0.000000,1.000000,0.136111,2.000305,0.000000
0.000000,1.000000,0.000000,0.290248,-0.483223,0.000000
0.000000,0.000000,0.000000,0.073039,0.424224,0.000000
1.000000,0.000000,0.000000,-0.168272,3.865502,0.000000
0.000000,0.000000,0.000000,1.356633,0.507513,0.000000
1.000000,0.000000,0.000000,1.243489,-0.125802,1.000000
1.000000,1.000000,1.000000,0.418391,-0.722429,0.000000
1.000000,0.000000,1.000000,2.095924,1.058851,1.000000
1.000000,0.000000,0.000000,0.820642,0.844297,1.000000
1.000000,0.000000,0.000000,0.639206,0.412192,1.000000
0.000000,1.000000,0.000000,0.034707,3.286633,0.000000
1.000000,1.000000,1.000000,0.177900,1.758140,0.000000
0.000000,0.000000,0.000000,-0.825510,0.630506,0.000000
1.000000,1.000000,1.000000,-0.496715,0.658186,0.000000
0.000000,0.000000,0.000000,0.430413,1.630968,1.000000
1.000000,0.000000,0.000000,0.213919,1.285802,0.000000
0.000000,0.000000,0.000000,-2.136422,-0.175842,0.000000
0.000000,0.000000,0.000000,0.317476,1.580790,0.000000
0.000000,0.000000,0.000000,-0.229606,1.430132,1.000000
0.000000,0.000000,0.000000,-1.228941,-0.930055,0.000000
0.000000,0.000000,1.000000,0.921638,0.348227,0.000000
0.000000,0.000000,0.000000,0.656091,1.617091,0.000000
1.000000,0.000000,0.000000,-0.668371,2.120333,0.000000
0.000000,0.000000,0.000000,0.921482,1.415386,0.000000
0.000000,0.000000,1.000000,-2.745016,0.612601,0.000000
0.000000,0.000000,0.000000,-0.487882,2.935734,0.000000
1.000000,0.000000,0.000000,0.786845,-0.429860,1.000000
0.000000,0.000000,0.000000,0.295305,1.878459,0.000000
1.000000,1.000000,0.000000,1.185892,0.743359,0.000000
0.000000,0.000000,0.000000,1.800601,3.420763,0.000000
1.000000,1.000000,1.000000,0.126521,0.344549,1.000000
0.000000,0.000000,0.000000,0.067831,3.942423,0.000000
0.000000,0.000000,0.000000,-1.426692,-1.170532,0.000000
1.000000,1.000000,1.000000,0.327758,2.595460,0.000000
0.000000,0.000000,1.000000,-1.279206,5.750639,0.000000
0.000000,0.000000,1.000000,0.644817,3.611806,1.000000
0.000000,0.000000,0.000000,0.154500,1.253226,1.000000
1.000000,1.000000,0.000000,-0.476615,1.716016,1.000000
1.000000,0.000000,0.000000,0.797297,0.370654,0.000000
1.000000,0.000000,0.000000,1.979248,-2.416344,1.000000
0.000000,0.000000,0.000000,-0.013429,-0.535530,0.000000
0.000000,0.000000,0.000000,-0.016293,0.595918,0.000000
1.000000,1.000000,1.000000,-0.726656,-1.663017,0.000000
1.000000,0.000000,0.000000,0.316891,2.697576,0.000000
0.000000,0.000000,0.000000,0.198437,-0.122403,1.000000
1.000000,1.000000,1.000000,1.007697,4.853909,0.000000
1.000000,0.000000,0.000000,0.661721,2.380539,0.000000
0.000000,0.000000,1.000000,-2.912973,3.884970,0.000000
0.000000,0.000000,1.000000,-0.715814,2.208178,0.000000
1.000000,1.000000,1.000000,-0.622200,2.573225,0.000000
0.000000,0.000000,0.000000,-1.829339,1.734747,0.000000
1.000000,0.000000,0.000000,-0.800611,1.468216,0.000000
0.000000,0.000000,0.000000,-0.772927,3.943611,0.000000
1.000000,0.000000,0.000000,0.925351,-1.322778,1.000000
1.000000,1.000000,1.000000,-1.143859,0.304476,0.000000
0.000000,0.000000,1.000000,-0.122900,1.167958,0.000000
0.000000,0.000000,0.000000,-0.948150,4.757689,0.000000
1.000000,0.000000,0.000000,0.991959,-2.165011,1.000000
0.000000,0.000000,0.000000,-2.223659,1.998958,0.000000
0.000000,0.000000,0.000000,0.834033,3.719859,0.000000
0.000000,0.000000,0.000000,-0.378576,2.826205,0.000000
0.000000,1.000000,1.000000,0.150773,3.509664,0.000000
1.000000,0.000000,1.000000,-0.190286,0.986679,1.000000
0.000000,1.000000,1.000000,-0.882573,5.195406,0.000000
0.000000,0.000000,0.000000,0.949103,3.814162,0.000000
0.000000,0.000000,1.000000,-1.645898,1.565585,0.000000
0.000000,0.000000,0.000000,-1.064374,4.058327,0.000000
0.000000,0.000000,0.000000,-0.396270,1.663109,0.000000
1.000000,1.000000,1.000000,1.336737,2.047983,0.000000
0.000000,0.000000,0.000000,-0.744683,1.140128,1.000000
1.000000,1.000000,1.000000,1.784355,1.667918,1.000000
0.000000,0.000000,0.000000,-0.649816,0.270768,0.000000
1.000000,0.000000,0.000000,-0.689830,2.882543,1.000000
1.000000,1.000000,0.000000,0.894662,-0.849520,1.000000
0.000000,0.000000,0.000000,-0.756878,1.590276,0.000000
0.000000,1.000000,1.000000,0.335699,1.179905,0.000000
0.000000,0.000000,0.000000,0.474444,0.881085,1.000000
0.000000,1.000000,1.000000,2.405030,2.127237,0.000000
1.000000,1.000000,0.000000,1.621159,1.930122,1.000000
1.000000,1.000000,1.000000,-0.204714,0.238187,0.000000
0.000000,0.000000,1.000000,-1.990433,2.550308,0.000000
0.000000,0.000000,0.000000,-0.590046,-0.076038,0.000000
0.000000,0.000000,0.000000,1.317675,-0.209500,0.000000
1.000000,0.000000,0.000000,1.213759,-0.618854,1.000000
1.000000,1.000000,1.000000,0.118511,-1.969614,1.000000
0.000000,0.000000,1.000000,-0.965361,-0.164422,0.000000
0.000000,0.000000,0.000000,-0.678468,-0.228433,1.000000
1.000000,0.000000,1.000000,-0.216040,2.020409,1.000000
0.000000,0.000000,0.000000,-0.138566,-0.274522,0.000000
0.000000,0.000000,0.000000,1.382773,-0.923123,0.000000
0.000000,1.000000,0.000000,1.860721,1.777241,1.000000
0.000000,0.000000,0.000000,-0.478576,2.231083,0.000000
0.000000,0.000000,0.000000,-1.305168,-0.214039,1.000000
0.000000,0.000000,0.000000,1.032705,5.393156,0.000000
1.000000,0.000000,0.000000,-1.443345,-0.657828,1.000000
1.000000,0.000000,0.000000,1.202711,-0.262184,1.000000
0.000000,0.000000,1.000000,-1.752361,3.117309,0.000000
1.000000,0.000000,1.000000,0.794356,0.662785,1.000000
1.000000,1.000000,1.000000,0.661703,0.507541,0.000000
1.000000,1.000000,1.000000,-0.834341,-0.078466,1.000000
0.000000,0.000000,1.000000,-2.477210,1.697748,1.000000
0.000000,0.000000,0.000000,-1.754057,2.314308,1.000000
1.000000,0.000000,0.000000,2.081381,1.870598,0.000000
0.000000,0.000000,1.000000,-0.477137,4.320346,0.000000
0.000000,0.000000,1.000000,-1.405800,2.072909,0.000000
1.000000,0.000000,0.000000,0.077354,-0.197901,1.000000
0.000000,0.000000,0.000000,-2.089005,2.012986,0.000000
1.000000,0.000000,0.000000,1.010851,-2.067295,1.000000
1.000000,1.000000,1.000000,-0.509642,-1.835220,0.000000
0.000000,0.000000,0.000000,-0.151721,3.612748,0.000000
0.000000,0.000000,0.000000,1.070084,1.198627,0.000000
0.000000,0.000000,0.000000,0.337164,0.982317,0.000000
1.000000,0.000000,0.000000,0.667697,-2.465161,1.000000
1.000000,0.000000,0.000000,0.988724,-0.907905,1.000000
1.000000,0.000000,0.000000,0.361738,-0.527659,0.000000
0.000000,0.000000,1.000000,-2.069383,3.367140,0.000000
1.000000,0.000000,0.000000,0.317076,-0.499042,0.000000
0.000000,0.000000,0.000000,-1.265822,-1.560513,0.000000
0.000000,0.000000,1.000000,0.142636,1.509097,0.000000
1.000000,0.000000,1.000000,-1.251871,2.308663,1.000000
0.000000,0.000000,1.000000,-0.402664,0.224084,0.000000
0.000000,0.000000,0.000000,-0.423446,0.396329,0.000000
1.000000,0.000000,0.000000,0.546691,1.997415,1.000000
1.000000,1.000000,1.000000,0.377141,0.445313,1.000000
0.000000,0.000000,1.000000,-1.372128,6.317057,0.000000
1.000000,0.000000,0.000000,-0.394688,3.023026,0.000000
1.000000,0.000000,1.000000,-0.124417,0.288809,0.000000
0.000000,0.000000,0.000000,-0.836898,0.564553,0.000000
0.000000,0.000000,0.000000,0.009941,3.008910,0.000000
1.000000,0.000000,0.000000,-0.238642,1.850180,0.000000
0.000000,0.000000,1.000000,-1.158820,3.474274,0.000000
0.000000,0.000000,1.000000,-1.833352,-2.334163,1.000000
0.000000,0.000000,1.000000,-1.471061,3.265834,0.000000
0.000000,0.000000,1.000000,-0.482159,2.947136,0.000000
0.000000,0.000000,0.000000,-1.484889,2.260224,0.000000
1.000000,1.000000,1.000000,0.926664,2.335515,1.000000
0.000000,0.000000,1.000000,-2.577490,1.572095,0.000000
0.000000,0.000000,0.000000,-1.294935,2.387208,0.000000
1.000000,1.000000,0.000000,-0.314011,0.381619,0.000000
1.000000,0.000000,0.000000,1.201450,3.254949,0.000000
0.000000,0.000000,0.000000,-1.074761,2.147495,0.000000
1.000000,0.000000,0.000000,1.033846,-0.021898,0.000000
1.000000,1.000000,1.000000,0.994250,4.258001,0.000000
0.000000,0.000000,0.000000,-1.837588,-1.744897,1.000000
0.000000,0.000000,1.000000,-1.562130,0.514093,0.000000
1.000000,0.000000,0.000000,-0.043005,-0.961781,0.000000
1.000000,0.000000,0.000000,0.952457,-0.242744,0.000000
1.000000,1.000000,0.000000,0.844342,1.874102,0.000000
1.000000,1.000000,0.000000,1.285379,2.130787,1.000000
1.000000,0.000000,1.000000,0.640792,-1.453255,1.000000
1.000000,0.000000,1.000000,-0.716468,-2.142096,1.000000
0.000000,0.000000,1.000000,-2.507540,0.874787,0.000000
1.000000,0.000000,0.000000,1.988219,-0.975660,1.000000
0.000000,1.000000,0.000000,0.411910,0.781960,0.000000
0.000000,0.000000,0.000000,-0.404639,2.844906,1.000000
0.000000,0.000000,0.000000,-0.670526,-2.435931,1.000000
0.000000,0.000000,0.000000,-1.349959,3.080225,0.000000
1.000000,0.000000,0.000000,0.736678,1.257768,1.000000
1.000000,0.000000,0.000000,1.353430,1.412597,1.000000
0.000000,0.000000,0.000000,-0.867700,1.585605,0.000000
0.000000,0.000000,0.000000,-0.175364,2.886104,0.000000
0.000000,0.000000,1.000000,-0.296474,1.531516,0.000000
1.000000,0.000000,1.000000,-0.325545,-0.027314,0.000000
1.000000,0.000000,0.000000,-0.163953,-0.085224,0.000000
0.000000,0.000000,0.000000,-0.900047,0.760122,0.000000
0.000000,0.000000,0.000000,-1.371670,4.274911,0.000000
0.000000,1.000000,1.000000,-0.648986,1.775350,0.000000
0.000000,0.000000,0.000000,-1.510041,3.901335,0.000000
0.000000,1.000000,0.000000,0.149370,4.566414,0.000000
1.000000,0.000000,0.000000,0.068745,-0.230821,1.000000
1.000000,0.000000,0.000000,1.717652,-1.907394,1.000000
1.000000,0.000000,0.000000,1.134349,-0.328935,1.000000
0.000000,1.000000,1.000000,0.103433,2.877563,0.000000
1.000000,1.000000,1.000000,1.633422,-0.198464,1.000000
0.000000,0.000000,0.000000,-1.193009,1.066590,1.000000
0.000000,0.000000,0.000000,0.481539,1.635943,0.000000
0.000000,0.000000,1.000000,-1.869502,1.325168,0.000000
1.000000,0.000000,0.000000,-0.439482,-0.298872,1.000000
0.000000,0.000000,0.000000,0.201765,0.978200,1.000000
1.000000,0.000000,0.000000,0.009072,-0.771566,1.000000
1.000000,0.000000,1.000000,-0.014558,0.524600,0.000000
1.000000,0.000000,0.000000,1.196102,-0.863777,1.000000
0.000000,0.000000,0.000000,-0.718632,3.319825,0.000000
0.000000,0.000000,0.000000,-0.207353,2.111611,0.000000
0.000000,0.000000,0.000000,-1.043665,0.995824,0.000000
1.000000,1.000000,1.000000,-0.567821,1.873096,0.000000
1.000000,0.000000,0.000000,2.086017,0.415199,1.000000
0.000000,0.000000,0.000000,-0.464055,2.764242,0.000000
1.000000,0.000000,0.000000,-0.477065,-1.326717,0.000000
0.000000,0.000000,1.000000,-2.134500,2.301671,0.000000
1.000000,0.000000,0.000000,-0.503747,-3.178374,0.000000
1.000000,0.000000,1.000000,-0.296635,1.029355,0.000000
0.000000,0.000000,0.000000,-0.497103,2.436036,0.000000
1.000000,0.000000,0.000000,0.675265,0.298148,1.000000
1.000000,0.000000,0.000000,1.178841,-3.474478,1.000000
0.000000,0.000000,1.000000,-0.204679,2.623712,0.000000
1.000000,1.000000,0.000000,-0.134809,-2.987811,1.000000
1.000000,0.000000,0.000000,0.036777,-1.682936,1.000000
0.000000,0.000000,0.000000,-0.017992,1.306855,0.000000
0.000000,0.000000,1.000000,0.310454,0.596501,1.000000
0.000000,0.000000,0.000000,0.485422,1.375064,0.000000
0.000000,0.000000,0.000000,0.520281,0.830794,0.000000
0.000000,1.000000,1.000000,-1.145557,4.344895,0.000000
0.000000,1.000000,1.000000,-2.492034,2.697453,0.000000
1.000000,0.000000,1.000000,-0.451422,4.274682,0.000000
0.000000,0.000000,0.000000,-0.730828,-0.034100,0.000000
0.000000,0.000000,1.000000,-0.925191,5.259943,0.000000
1.000000,1.000000,0.000000,0.410039,2.847289,0.000000
1.000000,0.000000,0.000000,-0.357413,0.042959,1.000000
0.000000,0.000000,0.000000,0.586034,-3.551436,1.000000
1.000000,1.000000,0.000000,0.995048,5.159577,1.000000
0.000000,0.000000,1.000000,-2.417927,-0.367963,0.000000
1.000000,0.000000,0.000000,0.376393,-0.878563,1.000000
0.000000,1.000000,0.000000,0.892060,0.712585,0.000000
0.000000,0.000000,0.000000,-0.465805,0.996079,1.000000
0.000000,0.000000,0.000000,-0.096691,1.287274,0.000000
1.000000,1.000000,0.000000,0.745256,-0.408100,1.000000
0.000000,0.000000,1.000000,-2.487016,4.669796,0.000000
0.000000,0.000000,1.000000,-1.896711,2.878429,0.000000
0.000000,0.000000,0.000000,-0.923744,4.975390,0.000000
0.000000,1.000000,0.000000,-0.332279,3.011947,0.000000
1.000000,1.000000,1.000000,-1.045746,-0.467184,0.000000
0.000000,0.000000,0.000000,-2.689086,2.168293,0.000000
0.000000,0.000000,0.000000,-2.846279,-0.296678,0.000000
0.000000,1.000000,1.000000,-0.618973,6.467971,0.000000
1.000000,0.000000,0.000000,0.392544,1.704675,0.000000
0.000000,0.000000,0.000000,-1.459528,1.689190,0.000000
1.000000,1.000000,0.000000,1.539778,0.159004,1.000000
0.000000,0.000000,1.000000,-1.907897,-1.152688,1.000000
0.000000,0.000000,0.000000,0.976980,0.545401,1.000000
0.000000,0.000000,1.000000,-1.374091,0.610421,0.000000
0.000000,0.000000,1.000000,1.761666,5.974168,0.000000
0.000000,0.000000,0.000000,-1.747114,1.393276,0.000000
0.000000,0.000000,0.000000,0.820840,0.857345,1.000000
1.000000,1.000000,0.000000,0.185860,0.901943,0.000000
0.000000,0.000000,1.000000,-1.033866,-0.184348,0.000000
1.000000,1.000000,1.000000,-0.299734,0.206995,1.000000
0.000000,0.000000,0.000000,-0.387080,0.865080,0.000000
1.000000,0.000000,1.000000,-0.957612,1.310562,0.000000
1.000000,1.000000,1.000000,0.422793,-1.360836,1.000000
1.000000,1.000000,0.000000,0.918748,-3.702731,1.000000
0.000000,0.000000,0.000000,0.158579,-0.897462,1.000000
0.000000,0.000000,0.000000,0.374070,2.658235,0.000000
0.000000,0.000000,1.000000,-3.018522,0.046930,0.000000
0.000000,0.000000,0.000000,0.034348,0.745340,1.000000
0.000000,0.000000,0.000000,0.762537,3.635442,0.000000
0.000000,0.000000,1.000000,-1.716312,3.200654,0.000000
0.000000,0.000000,0.000000,-0.722093,1.531993,0.000000
0.000000,0.000000,0.000000,-1.497175,0.039243,0.000000
0.000000,0.000000,0.000000,-0.730731,0.351312,0.000000
0.000000,0.000000,0.000000,-0.491743,3.958848,0.000000
0.000000,0.000000,1.000000,-0.414470,0.738032,0.000000
0.000000,0.000000,1.000000,-1.253238,1.437469,0.000000
0.000000,0.000000,0.000000,-0.375176,0.552225,0.000000
1.000000,0.000000,0.000000,-0.207884,-2.052989,0.000000
1.000000,0.000000,0.000000,2.667308,-1.376514,1.000000
0.000000,0.000000,0.000000,-0.337672,0.531778,0.000000
1.000000,0.000000,0.000000,0.821967,1.800732,0.000000
0.000000,0.000000,0.000000,-0.712190,2.518096,0.000000
0.000000,0.000000,0.000000,-1.176652,-0.185663,0.000000
1.000000,0.000000,0.000000,-0.849313,0.296244,0.000000
1.000000,1.000000,0.000000,1.190139,-0.474041,1.000000
1.000000,1.000000,0.000000,1.704486,-0.436484,1.000000
0.000000,0.000000,1.000000,-1.687643,3.486213,0.000000
0.000000,0.000000,0.000000,-0.592137,1.322145,0.000000
0.000000,0.000000,1.000000,-0.364047,-0.947670,0.000000
0.000000,0.000000,0.000000,-0.442323,5.023203,0.000000
1.000000,0.000000,0.000000,0.210448,1.252628,0.000000
0.000000,1.000000,1.000000,0.153430,6.748294,0.000000
0.000000,0.000000,0.000000,-0.199208,1.445195,1.000000
1.000000,0.000000,0.000000,1.118905,1.722114,0.000000
0.000000,0.000000,1.000000,-1.253509,4.063795,0.000000
1.000000,0.000000,1.000000,0.066201,1.569729,1.000000
0.000000,0.000000,1.000000,-0.991566,1.175360,0.000000
1.000000,0.000000,1.000000,0.008369,-2.382486,1.000000
0.000000,0.000000,1.000000,-0.398914,2.654771,0.000000
0.000000,0.000000,0.000000,1.048576,-1.365399,1.000000
0.000000,0.000000,0.000000,1.193425,2.225701,0.000000
0.000000,0.000000,0.000000,-0.323852,-1.098838,1.000000
0.000000,0.000000,1.000000,-2.658973,1.694807,0.000000
1.000000,0.000000,0.000000,1.161365,-1.523379,1.000000
1.000000,1.000000,1.000000,1.491644,0.808262,1.000000
1.000000,0.000000,0.000000,-0.217536,-0.941992,1.000000
0.000000,1.000000,1.000000,-0.286171,0.583351,0.000000
0.000000,0.000000,0.000000,0.349629,1.955394,0.000000
1.000000,0.000000,0.000000,-0.111702,-0.703418,1.000000
0.000000,0.000000,1.000000,-0.899978,3.376524,0.000000
0.000000,0.000000,1.000000,-1.763959,1.631958,0.000000
0.000000,0.000000,0.000000,0.128234,-1.149619,1.000000
1.000000,0.000000,0.000000,-0.586504,-0.220142,0.000000
1.000000,0.000000,1.000000,0.333792,0.438715,0.000000
0.000000,0.000000,1.000000,-2.437806,-1.564982,1.000000
1.000000,0.000000,0.000000,0.509497,1.785497,0.000000
1.000000,0.000000,0.000000,0.701818,0.019688,1.000000
0.000000,0.000000,0.000000,0.374762,-0.675877,0.000000
0.000000,0.000000,0.000000,-0.394389,2.467578,0.000000
1.000000,0.000000,0.000000,-0.328693,-1.620746,0.000000
1.000000,0.000000,0.000000,1.133440,-0.169134,0.000000
0.000000,0.000000,0.000000,-1.674268,2.904896,1.000000
0.000000,0.000000,0.000000,-1.072818,3.232120,0.000000
0.000000,0.000000,1.000000,-1.286663,2.163669,0.000000
0.000000,0.000000,1.000000,-3.133631,-0.127393,0.000000
0.000000,0.000000,0.000000,0.438099,1.244545,0.000000
0.000000,0.000000,0.000000,0.186116,1.770713,1.000000
0.000000,0.000000,1.000000,-0.517043,-0.009074,0.000000
0.000000,0.000000,1.000000,-1.892026,4.047129,0.000000
0.000000,0.000000,1.000000,-0.705573,4.741767,0.000000
1.000000,1.000000,1.000000,0.133543,1.613030,1.000000
0.000000,0.000000,1.000000,-0.915579,2.489101,0.000000
0.000000,0.000000,1.000000,-1.082781,0.985179,0.000000
0.000000,0.000000,0.000000,0.540163,1.374771,0.000000
0.000000,0.000000,1.000000,-2.121524,4.299326,0.000000
0.000000,0.000000,0.000000,0.099834,1.957048,0.000000
1.000000,0.000000,0.000000,1.862485,-0.475876,1.000000
0.000000,0.000000,1.000000,-1.322354,-2.812350,1.000000
0.000000,0.000000,0.000000,0.240241,0.970542,0.000000
0.000000,0.000000,0.000000,0.240531,-0.113998,1.000000
0.000000,0.000000,0.000000,1.847540,-0.044549,1.000000
0.000000,0.000000,0.000000,0.797568,-1.247020,1.000000
1.000000,0.000000,1.000000,-1.672179,1.830759,0.000000
0.000000,0.000000,0.000000,-2.849112,3.980341,0.000000
1.000000,0.000000,1.000000,-0.564093,-0.004681,0.000000
1.000000,1.000000,1.000000,0.870204,1.929580,0.000000
1.000000,1.000000,1.000000,0.065485,3.747944,0.000000
1.000000,1.000000,1.000000,-0.291845,3.024092,0.000000
0.000000,0.000000,1.000000,-2.622690,2.305862,0.000000
0.000000,0.000000,1.000000,-1.229316,4.150604,0.000000
1.000000,1.000000,0.000000,0.303253,1.767393,0.000000
1.000000,1.000000,1.000000,0.401746,3.289596,0.000000
0.000000,0.000000,0.000000,-1.177911,1.053804,0.000000
1.000000,1.000000,0.000000,1.652776,-1.314764,1.000000
0.000000,0.000000,1.000000,-1.851081,5.458283,0.000000
1.000000,0.000000,0.000000,0.144860,0.339738,0.000000
0.000000,1.000000,0.000000,-0.585677,0.961126,0.000000
0.000000,1.000000,1.000000,-0.242701,0.677948,0.000000
0.000000,0.000000,0.000000,-0.117797,-1.272151,1.000000
1.000000,1.000000,1.000000,0.690488,1.554826,1.000000
0.000000,0.000000,0.000000,-0.130630,3.621656,0.000000
1.000000,0.000000,1.000000,-1.213645,2.077889,0.000000
0.000000,0.000000,0.000000,-0.808510,3.686119,0.000000
0.000000,0.000000,0.000000,-0.284279,2.367725,0.000000
0.000000,0.000000,1.000000,-1.944373,4.072668,0.000000
0.000000,0.000000,0.000000,0.132683,1.141912,0.000000
0.000000,0.000000,1.000000,-1.218411,3.859976,1.000000
0.000000,0.000000,0.000000,-0.619872,3.391133,0.000000
1.000000,0.000000,0.000000,3.459063,0.193379,0.000000
1.000000,1.000000,0.000000,1.952280,-1.294104,1.000000
0.000000,1.000000,0.000000,-0.016594,0.301216,0.000000
0.000000,1.000000,1.000000,-0.845099,3.444578,0.000000
0.000000,0.000000,1.000000,0.134225,1.572051,1.000000
0.000000,0.000000,0.000000,-2.310766,1.489510,0.000000
0.000000,0.000000,0.000000,-0.023267,1.743537,0.000000
1.000000,0.000000,1.000000,0.775033,-0.425265,1.000000
1.000000,1.000000,1.000000,-0.385924,0.128816,0.000000
1.000000,0.000000,0.000000,-0.388843,1.970012,0.000000
0.000000,0.000000,1.000000,-1.118761,4.079606,0.000000
1.000000,0.000000,0.000000,2.210427,0.048253,1.000000
1.000000,1.000000,1.000000,-2.571443,1.797765,0.000000
0.000000,0.000000,0.000000,-1.298958,0.992619,0.000000
1.000000,0.000000,0.000000,-1.001100,-0.461267,1.000000
1.000000,0.000000,0.000000,0.542021,-2.061545,1.000000
1.000000,0.000000,0.000000,1.043918,-0.959453,1.000000
1.000000,1.000000,0.000000,2.356749,0.338584,1.000000
0.000000,0.000000,0.000000,-0.901106,1.432695,0.000000
0.000000,0.000000,0.000000,0.214227,-0.344341,1.000000
1.000000,0.000000,1.000000,-0.424786,3.243587,0.000000
0.000000,0.000000,1.000000,-2.052958,1.111964,0.000000
1.000000,0.000000,0.000000,0.813717,-2.066568,1.000000
1.000000,0.000000,0.000000,2.480277,1.560195,1.000000
0.000000,0.000000,1.000000,0.283582,4.936352,0.000000
0.000000,0.000000,0.000000,-1.251085,1.511633,0.000000
0.000000,0.000000,0.000000,0.522490,0.425408,1.000000
0.000000,1.000000,1.000000,0.380982,2.483676,0.000000
0.000000,0.000000,0.000000,0.846563,-1.132663,0.000000
0.000000,1.000000,1.000000,-0.436246,6.454679,0.000000
1.000000,1.000000,0.000000,2.319658,0.201160,0.000000
1.000000,0.000000,0.000000,0.041297,-1.508196,0.000000
0.000000,0.000000,1.000000,-2.477406,2.332409,0.000000
1.000000,1.000000,0.000000,1.375329,2.076174,1.000000
1.000000,0.000000,0.000000,0.147820,-0.095813,1.000000
0.000000,0.000000,0.000000,-0.202796,-0.945360,0.000000
0.000000,0.000000,1.000000,-1.496649,0.476562,0.000000
