0.000000,0.000000,0.000000,0.386301,0.388417,0.000000
0.000000,0.000000,0.000000,-0.351107,0.219250,0.000000
1.000000,0.000000,0.000000,1.091164,0.172791,1.000000
0.000000,0.000000,0.000000,-0.881937,0.733474,0.000000
0.000000,0.000000,1.000000,-1.863445,1.133796,0.000000
0.000000,0.000000,1.000000,-0.504253,3.320706,0.000000
1.000000,0.000000,0.000000,1.173849,0.505830,1.000000
0.000000,0.000000,0.000000,-0.815653,0.770785,0.000000
1.000000,0.000000,0.000000,1.243826,-0.860379,1.000000
1.000000,0.000000,1.000000,-1.133549,0.321423,0.000000
0.000000,0.000000,0.000000,-0.813003,1.284022,0.000000
1.000000,0.000000,0.000000,0.184969,-0.587942,1.000000
1.000000,0.000000,0.000000,-0.279990,-1.504183,1.000000
1.000000,1.000000,1.000000,0.402875,0.953953,0.000000
1.000000,0.000000,1.000000,-0.757428,1.587301,0.000000
0.000000,0.000000,0.000000,0.142271,0.469524,0.000000
1.000000,0.000000,0.000000,0.459880,-2.265715,1.000000
1.000000,0.000000,0.000000,0.680446,-0.668531,1.000000
1.000000,1.000000,0.000000,0.190525,1.106480,0.000000
1.000000,0.000000,0.000000,2.217612,1.363828,1.000000
0.000000,0.000000,0.000000,-1.769086,2.920103,0.000000
0.000000,0.000000,0.000000,-0.973594,4.449812,0.000000
0.000000,0.000000,0.000000,0.230986,0.880498,0.000000
0.000000,0.000000,0.000000,-1.794642,0.107297,0.000000
0.000000,1.000000,1.000000,0.297744,2.744492,0.000000
1.000000,0.000000,0.000000,0.185691,-0.411879,0.000000
1.000000,0.000000,0.000000,1.873894,-6.160716,1.000000
0.000000,0.000000,0.000000,0.183602,1.899343,1.000000
0.000000,0.000000,0.000000,1.181810,4.147072,1.000000
1.000000,0.000000,0.000000,2.108353,0.807437,0.000000
1.000000,0.000000,0.000000,1.831343,-2.575735,0.000000
1.000000,1.000000,0.000000,1.862059,0.791177,0.000000
0.000000,0.000000,0.000000,-0.017424,1.225373,0.000000
0.000000,0.000000,0.000000,0.000487,3.186200,0.000000
0.000000,1.000000,1.000000,-0.557509,1.826621,0.000000
0.000000,0.000000,0.000000,0.194295,1.848749,0.000000
0.000000,0.000000,0.000000,0.210376,1.522914,0.000000
0.000000,0.000000,1.000000,-0.638257,2.187980,0.000000
0.000000,0.000000,0.000000,1.818214,-0.720327,1.000000
0.000000,0.000000,1.000000,-0.901175,2.156558,0.000000
0.000000,0.000000,0.000000,0.457588,2.605988,0.000000
0.000000,0.000000,1.000000,-1.838867,1.514965,0.000000
0.000000,0.000000,0.000000,-0.949614,6.266188,0.000000
0.000000,0.000000,1.000000,0.364440,3.515422,0.000000
0.000000,0.000000,0.000000,-0.098888,3.021348,0.000000
1.000000,1.000000,0.000000,2.474060,3.627242,0.000000
0.000000,0.000000,0.000000,-1.452450,1.836415,0.000000
1.000000,0.000000,0.000000,1.358555,-0.868168,1.000000
0.000000,0.000000,0.000000,-0.473832,0.346969,0.000000
0.000000,0.000000,0.000000,0.890303,2.796138,0.000000
0.000000,1.000000,1.000000,-1.847075,5.268806,0.000000
0.000000,0.000000,1.000000,-1.537439,-0.144134,0.000000
0.000000,0.000000,1.000000,-0.916140,-0.646148,0.000000
0.000000,0.000000,1.000000,-0.906103,0.744365,1.000000
1.000000,0.000000,1.000000,-0.240411,0.045205,0.000000
1.000000,0.000000,1.000000,-0.768652,0.642396,0.000000
0.000000,0.000000,0.000000,-0.593429,-1.723482,1.000000
1.000000,1.000000,0.000000,1.255361,-1.248733,1.000000
0.000000,0.000000,1.000000,-1.153514,-0.453498,1.000000
1.000000,0.000000,0.000000,0.271164,-2.659348,1.000000
0.000000,0.000000,0.000000,-1.195386,2.127648,0.000000
1.000000,1.000000,1.000000,0.054016,-2.221334,0.000000
1.000000,0.000000,1.000000,-0.644875,3.851714,0.000000
1.000000,0.000000,0.000000,0.703996,-1.280315,1.000000
0.000000,1.000000,0.000000,1.263981,2.297565,0.000000
0.000000,0.000000,1.000000,-0.442768,0.215641,1.000000
1.000000,0.000000,0.000000,-0.959880,-0.056213,1.000000
1.000000,0.000000,0.000000,-1.213379,1.642601,1.000000
0.000000,0.000000,0.000000,0.016894,0.470721,0.000000
0.000000,0.000000,0.000000,0.264973,1.022780,0.000000
0.000000,0.000000,0.000000,0.843798,-1.054156,1.000000
1.000000,0.000000,0.000000,0.116933,3.726141,0.000000
0.000000,0.000000,0.000000,-0.451480,0.845702,0.000000
0.000000,0.000000,0.000000,-0.611241,0.098155,1.000000
0.000000,0.000000,0.000000,0.120664,2.158490,0.000000
0.000000,0.000000,0.000000,-0.288461,3.754512,0.000000
0.000000,0.000000,0.000000,-0.833026,-1.814462,0.000000
0.000000,1.000000,0.000000,-0.351376,-1.757747,0.000000
1.000000,0.000000,0.000000,1.107354,-0.100966,1.000000
0.000000,1.000000,1.000000,0.204061,0.987195,1.000000
1.000000,0.000000,0.000000,1.777833,1.018958,0.000000
0.000000,1.000000,1.000000,-1.967110,3.401794,0.000000
0.000000,0.000000,0.000000,-0.930258,0.190656,1.000000
1.000000,0.000000,0.000000,-0.483586,-1.301722,0.000000
0.000000,0.000000,0.000000,-0.414694,3.877432,0.000000
0.000000,0.000000,0.000000,-0.762981,0.880198,1.000000
1.000000,0.000000,0.000000,-0.137654,-0.583313,0.000000
1.000000,0.000000,0.000000,-1.264780,-0.709028,1.000000
1.000000,0.000000,0.000000,0.845637,-0.480677,1.000000
1.000000,0.000000,0.000000,1.208673,1.011932,1.000000
0.000000,0.000000,0.000000,0.195992,3.660001,0.000000
0.000000,0.000000,1.000000,-1.758301,2.679424,0.000000
1.000000,0.000000,0.000000,-0.048605,-1.282909,1.000000
1.000000,0.000000,0.000000,1.540495,2.378618,1.000000
0.000000,0.000000,1.000000,-0.922003,4.738485,0.000000
1.000000,0.000000,1.000000,-0.905401,3.009759,0.000000
1.000000,1.000000,0.000000,1.146001,-0.801975,0.000000
0.000000,0.000000,0.000000,0.534767,2.449951,0.000000
0.000000,0.000000,0.000000,-0.680838,-2.574407,0.000000
0.000000,0.000000,0.000000,0.554319,1.667129,0.000000
0.000000,0.000000,0.000000,-0.259226,-0.914965,0.000000
1.000000,0.000000,0.000000,0.050477,1.746657,0.000000
1.000000,1.000000,1.000000,1.114527,-0.571121,1.000000
0.000000,0.000000,0.000000,-1.620399,-0.944437,0.000000
0.000000,0.000000,0.000000,0.033682,5.748818,0.000000
1.000000,0.000000,1.000000,0.772018,1.235482,0.000000
0.000000,0.000000,0.000000,0.518150,1.630442,0.000000
0.000000,0.000000,1.000000,-1.671919,3.339558,0.000000
1.000000,1.000000,0.000000,1.038400,0.838309,0.000000
0.000000,0.000000,0.000000,0.032503,-1.316082,1.000000
1.000000,1.000000,1.000000,0.350011,0.081914,0.000000
0.000000,1.000000,1.000000,-0.419190,0.912554,0.000000
0.000000,0.000000,1.000000,-0.509678,0.875676,0.000000
1.000000,0.000000,1.000000,-2.412762,0.474047,0.000000
0.000000,0.000000,0.000000,-1.307023,4.142119,0.000000
0.000000,0.000000,0.000000,-0.926355,0.025687,0.000000
1.000000,0.000000,0.000000,2.070654,2.615230,1.000000
1.000000,1.000000,1.000000,0.515870,3.641514,0.000000
1.000000,1.000000,0.000000,0.782541,2.564076,0.000000
0.000000,0.000000,0.000000,-0.439631,1.941957,0.000000
1.000000,1.000000,1.000000,-0.334037,-1.524835,1.000000
0.000000,0.000000,1.000000,-2.150035,3.433726,1.000000
1.000000,0.000000,1.000000,-1.127471,-0.991873,1.000000
1.000000,0.000000,0.000000,1.318102,1.827232,1.000000
1.000000,0.000000,1.000000,-0.836120,-2.802156,1.000000
0.000000,0.000000,1.000000,-0.779132,0.935282,1.000000
0.000000,0.000000,1.000000,-0.905596,2.560637,0.000000
1.000000,0.000000,0.000000,1.426999,1.234544,1.000000
1.000000,1.000000,0.000000,1.885771,0.268674,1.000000
1.000000,0.000000,0.000000,0.092584,1.733299,0.000000
0.000000,0.000000,1.000000,-2.254731,-0.002566,0.000000
0.000000,0.000000,1.000000,-1.424229,3.371969,0.000000
0.000000,1.000000,0.000000,0.336143,1.196650,0.000000
0.000000,1.000000,0.000000,2.340973,1.183345,0.000000
0.000000,0.000000,0.000000,-0.915999,-0.281663,0.000000
1.000000,0.000000,0.000000,0.196814,-0.774217,1.000000
1.000000,0.000000,0.000000,2.775893,-1.053373,0.000000
1.000000,0.000000,1.000000,-1.161461,3.248208,0.000000
0.000000,0.000000,0.000000,0.206752,-1.006676,1.000000
0.000000,1.000000,0.000000,1.322760,3.024380,0.000000
1.000000,0.000000,1.000000,0.564417,-0.936433,1.000000
0.000000,0.000000,0.000000,-0.415818,2.569290,0.000000
0.000000,0.000000,0.000000,-0.446224,0.458790,0.000000
1.000000,1.000000,1.000000,-0.372897,-1.739105,1.000000
1.000000,0.000000,1.000000,0.206690,-0.568801,1.000000
0.000000,1.000000,0.000000,1.480759,4.334132,0.000000
0.000000,0.000000,0.000000,1.014352,3.434561,0.000000
0.000000,0.000000,0.000000,-1.317399,1.821797,0.000000
1.000000,0.000000,0.000000,-0.646682,-6.106153,1.000000
1.000000,0.000000,0.000000,-0.836346,-1.778047,1.000000
1.000000,0.000000,0.000000,1.375439,3.049867,0.000000
0.000000,0.000000,0.000000,-0.523753,1.929175,0.000000
1.000000,0.000000,0.000000,0.042773,-1.769237,1.000000
1.000000,0.000000,1.000000,-0.940559,-4.001770,1.000000
0.000000,0.000000,1.000000,-2.025356,2.781945,0.000000
0.000000,0.000000,1.000000,-3.472057,3.492447,0.000000
1.000000,0.000000,0.000000,-1.124811,1.911557,0.000000
1.000000,0.000000,1.000000,-0.021931,-3.287223,1.000000
1.000000,1.000000,0.000000,0.871764,3.386429,0.000000
0.000000,0.000000,0.000000,0.485156,-1.327424,1.000000
1.000000,1.000000,0.000000,0.838933,2.684761,1.000000
0.000000,0.000000,0.000000,-0.800592,0.320012,0.000000
0.000000,0.000000,0.000000,-0.642768,-0.130869,0.000000
1.000000,0.000000,1.000000,0.017578,0.394254,1.000000
0.000000,1.000000,1.000000,0.560955,0.126934,0.000000
1.000000,1.000000,0.000000,2.767764,-3.410750,1.000000
0.000000,0.000000,0.000000,-1.411148,4.271146,0.000000
0.000000,0.000000,0.000000,-0.906334,2.461568,0.000000
1.000000,0.000000,0.000000,0.191878,-0.828397,1.000000
1.000000,1.000000,0.000000,1.879022,0.179255,0.000000
0.000000,0.000000,0.000000,-0.524695,2.645591,0.000000
1.000000,1.000000,0.000000,2.202314,-1.356621,1.000000
0.000000,0.000000,0.000000,-0.298459,2.846530,0.000000
0.000000,0.000000,0.000000,0.720896,-1.692393,1.000000
0.000000,0.000000,0.000000,-0.362312,-0.152289,0.000000
1.000000,1.000000,1.000000,-0.244022,4.621229,0.000000
0.000000,0.000000,0.000000,0.765247,2.576078,0.000000
0.000000,0.000000,0.000000,-1.633371,-0.067919,0.000000
0.000000,0.000000,0.000000,1.088192,0.951079,0.000000
0.000000,0.000000,1.000000,0.153785,1.546015,0.000000
0.000000,0.000000,0.000000,0.301641,1.971894,0.000000
1.000000,0.000000,1.000000,-0.326569,-0.629577,1.000000
0.000000,0.000000,0.000000,0.900552,2.675202,0.000000
0.000000,1.000000,0.000000,0.420963,7.315040,0.000000
1.000000,1.000000,1.000000,1.884924,1.794961,0.000000
0.000000,0.000000,0.000000,0.109946,3.557721,0.000000
1.000000,1.000000,0.000000,1.129907,-1.061052,0.000000
0.000000,0.000000,1.000000,-0.914569,4.444576,0.000000
0.000000,0.000000,0.000000,0.883442,-3.115871,1.000000
0.000000,0.000000,0.000000,-1.765732,3.253574,0.000000
0.000000,0.000000,0.000000,0.431904,2.771667,0.000000
0.000000,0.000000,0.000000,-0.655347,1.105637,1.000000
0.000000,0.000000,0.000000,0.517383,1.128236,0.000000
1.000000,0.000000,0.000000,0.167138,4.153304,0.000000
0.000000,0.000000,0.000000,-0.897149,-1.851109,0.000000
1.000000,1.000000,0.000000,0.976233,-2.752295,0.000000
0.000000,0.000000,1.000000,-0.230353,1.452874,0.000000
1.000000,1.000000,0.000000,1.770480,1.147282,0.000000
1.000000,0.000000,0.000000,0.178003,1.620618,0.000000
0.000000,0.000000,0.000000,-0.827283,1.160499,0.000000
0.000000,0.000000,0.000000,-0.256768,1.270827,0.000000
0.000000,1.000000,1.000000,-0.351084,2.005547,0.000000
0.000000,0.000000,0.000000,0.630057,-0.648897,0.000000
0.000000,1.000000,1.000000,0.500813,2.982574,0.000000
1.000000,0.000000,1.000000,-0.839592,2.563530,1.000000
1.000000,0.000000,0.000000,-1.290120,3.679528,0.000000
1.000000,1.000000,0.000000,0.171903,-1.446960,1.000000
1.000000,0.000000,1.000000,-0.905347,-0.309660,1.000000
0.000000,1.000000,0.000000,-0.346994,1.244814,0.000000
0.000000,0.000000,1.000000,-0.701431,2.657425,0.000000
0.000000,0.000000,0.000000,0.849648,0.363143,0.000000
1.000000,0.000000,1.000000,0.680868,-0.027556,0.000000
1.000000,0.000000,0.000000,-0.310152,2.091560,0.000000
0.000000,0.000000,1.000000,0.124446,2.899076,0.000000
0.000000,0.000000,1.000000,0.359631,2.812654,0.000000
1.000000,0.000000,0.000000,0.531541,-2.487439,1.000000
0.000000,0.000000,1.000000,-1.728019,2.566123,0.000000
0.000000,1.000000,1.000000,1.552782,4.383092,0.000000
0.000000,0.000000,0.000000,-0.006486,0.603721,1.000000
0.000000,0.000000,1.000000,-1.481363,1.842481,0.000000
1.000000,0.000000,0.000000,0.455456,3.461964,1.000000
0.000000,0.000000,0.000000,0.126390,0.888831,1.000000
0.000000,0.000000,1.000000,-1.242562,1.530512,0.000000
0.000000,0.000000,1.000000,-1.438243,3.486347,0.000000
0.000000,0.000000,0.000000,-1.876001,3.492970,0.000000
1.000000,1.000000,1.000000,0.916708,2.582418,0.000000
0.000000,0.000000,0.000000,1.807286,0.589337,1.000000
1.000000,1.000000,1.000000,1.587356,-2.296968,1.000000
0.000000,0.000000,0.000000,0.402985,3.012220,1.000000
0.000000,0.000000,0.000000,0.062859,-1.501743,1.000000
0.000000,0.000000,0.000000,-0.927059,0.177320,0.000000
0.000000,0.000000,1.000000,-0.901884,2.035552,0.000000
0.000000,1.000000,0.000000,0.143529,0.196766,1.000000
0.000000,0.000000,0.000000,1.215450,-0.961449,1.000000
1.000000,0.000000,0.000000,1.888647,0.093962,1.000000
0.000000,0.000000,0.000000,-1.068234,-0.950323,0.000000
0.000000,0.000000,0.000000,-0.045289,2.539767,0.000000
0.000000,1.000000,0.000000,-0.938252,2.598037,0.000000
1.000000,1.000000,1.000000,-0.970651,2.357855,0.000000
0.000000,0.000000,0.000000,-0.370174,3.055569,0.000000
0.000000,0.000000,0.000000,-0.218409,-0.447610,0.000000
0.000000,0.000000,0.000000,0.515274,0.544571,0.000000
0.000000,0.000000,0.000000,0.084727,4.224928,0.000000
0.000000,0.000000,0.000000,0.245774,0.849058,1.000000
0.000000,0.000000,0.000000,-0.272903,0.105520,0.000000
0.000000,0.000000,0.000000,0.361713,3.678688,1.000000
1.000000,0.000000,0.000000,1.144214,1.251074,1.000000
0.000000,0.000000,0.000000,-1.460570,2.709451,0.000000
0.000000,0.000000,1.000000,-1.353960,-0.180395,0.000000
0.000000,0.000000,0.000000,0.139447,3.662143,0.000000
1.000000,0.000000,1.000000,-1.807632,1.443073,0.000000
0.000000,1.000000,1.000000,-0.074714,4.162858,0.000000
0.000000,0.000000,1.000000,-2.680552,0.988133,0.000000
0.000000,1.000000,1.000000,0.511213,4.027933,0.000000
0.000000,1.000000,0.000000,1.466053,4.379777,0.000000
0.000000,1.000000,1.000000,-0.717086,1.896474,0.000000
0.000000,1.000000,0.000000,-0.367804,3.414517,0.000000
0.000000,0.000000,0.000000,0.628180,2.648193,0.000000
1.000000,0.000000,1.000000,-0.104493,3.716741,0.000000
1.000000,0.000000,0.000000,2.861944,1.228838,1.000000
0.000000,0.000000,0.000000,-0.587418,2.065225,1.000000
0.000000,1.000000,0.000000,0.254982,2.782101,0.000000
0.000000,1.000000,1.000000,-1.205846,4.867732,0.000000
1.000000,0.000000,0.000000,0.523325,1.712057,0.000000
0.000000,0.000000,0.000000,-1.277098,1.349063,0.000000
0.000000,0.000000,1.000000,-0.495440,1.864417,0.000000
0.000000,0.000000,0.000000,-0.280206,2.808639,1.000000
0.000000,0.000000,0.000000,-0.112881,-1.825582,1.000000
1.000000,0.000000,0.000000,1.782732,-1.693109,1.000000
1.000000,0.000000,0.000000,-0.603958,-1.013815,1.000000
0.000000,0.000000,1.000000,-0.925290,4.213210,0.000000
0.000000,0.000000,1.000000,-1.867260,-0.090570,0.000000
0.000000,0.000000,0.000000,-0.116023,1.058192,1.000000
1.000000,0.000000,0.000000,1.594601,3.740279,0.000000
0.000000,0.000000,0.000000,0.974433,2.079893,0.000000
1.000000,1.000000,1.000000,1.803892,2.065189,1.000000
0.000000,1.000000,1.000000,-1.989738,4.741725,0.000000
0.000000,0.000000,0.000000,-0.876816,2.390756,0.000000
1.000000,1.000000,1.000000,0.275680,-0.782971,1.000000
0.000000,1.000000,0.000000,-1.775531,6.705585,1.000000
0.000000,0.000000,0.000000,0.013525,-0.204130,1.000000
1.000000,0.000000,0.000000,1.551373,0.243710,1.000000
0.000000,0.000000,0.000000,0.625122,-1.191667,1.000000
0.000000,0.000000,0.000000,0.989471,3.420833,0.000000
0.000000,1.000000,1.000000,0.120954,4.893228,0.000000
0.000000,0.000000,1.000000,-0.539632,1.300113,0.000000
0.000000,0.000000,0.000000,-0.004502,0.325429,0.000000
0.000000,0.000000,0.000000,1.291025,0.402473,1.000000
0.000000,0.000000,1.000000,0.463460,2.796710,0.000000
1.000000,0.000000,0.000000,-1.150194,-0.590629,0.000000
1.000000,0.000000,0.000000,0.839583,-0.782680,1.000000
1.000000,1.000000,1.000000,0.567061,3.056174,0.000000
0.000000,0.000000,0.000000,0.974183,0.492422,1.000000
0.000000,0.000000,0.000000,-1.714892,2.752553,0.000000
1.000000,1.000000,0.000000,2.545959,0.722482,0.000000
1.000000,1.000000,1.000000,-0.265554,-0.123349,0.000000
1.000000,0.000000,0.000000,0.609907,1.613084,1.000000
1.000000,1.000000,0.000000,0.793740,0.399213,0.000000
0.000000,0.000000,1.000000,-1.684155,-1.126827,0.000000
1.000000,1.000000,0.000000,1.178571,-1.244970,1.000000
0.000000,0.000000,0.000000,0.325201,3.473522,0.000000
1.000000,0.000000,0.000000,1.239758,-2.613324,1.000000
0.000000,0.000000,1.000000,-0.779442,2.896857,0.000000
0.000000,0.000000,1.000000,0.822892,1.071190,0.000000
1.000000,0.000000,0.000000,1.315047,-0.874995,1.000000
0.000000,0.000000,0.000000,-0.127549,0.599987,0.000000
1.000000,1.000000,0.000000,-0.621830,0.175083,0.000000
0.000000,1.000000,1.000000,-0.712807,2.861111,1.000000
1.000000,0.000000,0.000000,1.986961,-2.874362,1.000000
0.000000,0.000000,1.000000,-2.452985,2.848716,0.000000
0.000000,0.000000,1.000000,-1.303572,0.637669,0.000000
1.000000,1.000000,0.000000,-0.694767,-1.392040,1.000000
1.000000,1.000000,0.000000,1.359438,-3.592479,1.000000
1.000000,1.000000,1.000000,0.041020,-1.409598,0.000000
1.000000,0.000000,0.000000,0.328475,-0.857038,1.000000
0.000000,0.000000,0.000000,2.194176,3.926859,1.000000
0.000000,0.000000,0.000000,-0.481114,4.343277,0.000000
0.000000,0.000000,1.000000,-0.922016,-0.589589,1.000000
0.000000,0.000000,0.000000,-0.174744,1.631813,0.000000
0.000000,0.000000,0.000000,-0.679306,1.500891,0.000000
0.000000,1.000000,1.000000,0.190984,2.789288,0.000000
0.000000,0.000000,0.000000,-0.521546,-0.023681,0.000000
0.000000,0.000000,0.000000,1.088602,1.352393,1.000000
1.000000,1.000000,1.000000,0.371915,2.218980,0.000000
0.000000,0.000000,0.000000,0.416083,2.634725,0.000000
0.000000,0.000000,0.000000,-2.211169,5.153277,0.000000
0.000000,1.000000,1.000000,-0.657970,2.448627,0.000000
1.000000,0.000000,0.000000,0.684005,-0.772666,1.000000
0.000000,0.000000,1.000000,-0.032203,-1.177808,0.000000
0.000000,0.000000,0.000000,-0.754643,2.505436,1.000000
1.000000,1.000000,1.000000,-0.153958,-0.678350,0.000000
0.000000,0.000000,0.000000,0.184126,0.158412,0.000000
1.000000,0.000000,0.000000,1.248408,1.795092,1.000000
0.000000,1.000000,0.000000,0.491536,4.208350,0.000000
0.000000,0.000000,0.000000,-0.015968,0.027724,1.000000
0.000000,0.000000,0.000000,-0.231052,1.195484,0.000000
1.000000,0.000000,0.000000,0.588357,1.557604,1.000000
0.000000,0.000000,0.000000,-0.250668,-0.059602,0.000000
1.000000,1.000000,0.000000,0.046339,-1.270892,1.000000
1.000000,0.000000,0.000000,0.387475,-1.196722,0.000000
0.000000,0.000000,1.000000,0.261849,4.852395,0.000000
1.000000,0.000000,0.000000,1.900356,-4.801511,0.000000
1.000000,0.000000,0.000000,-0.430503,-0.080229,0.000000
1.000000,1.000000,1.000000,-0.274283,2.714566,0.000000
0.000000,0.000000,1.000000,-0.340952,0.962715,0.000000
0.000000,0.000000,1.000000,-2.442978,2.180343,0.000000
1.000000,0.000000,1.000000,0.274684,-0.920420,1.000000
1.000000,0.000000,1.000000,0.244754,-0.053369,0.000000
1.000000,0.000000,1.000000,-0.257553,-1.336217,1.000000
1.000000,0.000000,0.000000,-0.634703,-3.803853,1.000000
0.000000,0.000000,1.000000,-0.899679,0.654435,0.000000
0.000000,0.000000,0.000000,-0.376129,0.572898,0.000000
1.000000,0.000000,0.000000,0.097792,-1.278802,0.000000
1.000000,1.000000,0.000000,0.505275,0.870793,1.000000
0.000000,0.000000,0.000000,-0.184770,-0.101646,0.000000
0.000000,1.000000,0.000000,1.031120,4.452664,0.000000
0.000000,0.000000,0.000000,1.557090,2.297275,1.000000
0.000000,0.000000,0.000000,0.898939,1.028509,0.000000
0.000000,0.000000,1.000000,-0.512353,2.286767,0.000000
0.000000,0.000000,0.000000,-1.123611,5.614342,0.000000
1.000000,0.000000,0.000000,-1.612213,-0.427319,1.000000
0.000000,0.000000,0.000000,0.185344,1.147129,0.000000
0.000000,0.000000,1.000000,0.134324,1.077878,0.000000
0.000000,0.000000,0.000000,-0.410150,1.710350,0.000000
0.000000,0.000000,0.000000,-0.887460,0.600458,0.000000
1.000000,0.000000,0.000000,0.311558,0.048656,0.000000
1.000000,1.000000,1.000000,0.168674,2.597998,0.000000
1.000000,0.000000,0.000000,1.642043,-1.594656,0.000000
0.000000,0.000000,0.000000,-0.882158,0.419064,0.000000
0.000000,0.000000,0.000000,0.060017,1.037816,0.000000
0.000000,1.000000,0.000000,0.199674,2.771232,0.000000
1.000000,0.000000,0.000000,0.480226,-1.631556,1.000000
0.000000,0.000000,0.000000,0.239933,1.006587,0.000000
0.000000,0.000000,1.000000,-2.008159,1.813192,0.000000
0.000000,0.000000,0.000000,-2.117134,3.314467,0.000000
0.000000,0.000000,1.000000,-1.975706,3.867216,0.000000
0.000000,0.000000,1.000000,-2.130073,2.141481,0.000000
0.000000,0.000000,1.000000,-1.416828,2.316190,0.000000
1.000000,0.000000,0.000000,0.859339,-1.263259,1.000000
1.000000,0.000000,1.000000,-0.397018,2.319517,0.000000
0.000000,1.000000,1.000000,-0.216142,2.715907,1.000000
1.000000,1.000000,0.000000,1.413220,3.187994,0.000000
1.000000,0.000000,0.000000,-0.272403,-1.935818,1.000000
1.000000,0.000000,1.000000,0.128114,4.623958,0.000000
1.000000,1.000000,0.000000,0.058748,1.169629,0.000000
1.000000,0.000000,0.000000,-1.034738,2.698970,0.000000
0.000000,0.000000,0.000000,-0.118030,3.301124,0.000000
0.000000,0.000000,0.000000,0.361712,0.009291,1.000000
1.000000,1.000000,0.000000,1.309417,0.757112,1.000000
0.000000,0.000000,1.000000,-2.516211,4.869253,0.000000
1.000000,0.000000,0.000000,1.183306,-0.930086,1.000000
1.000000,0.000000,0.000000,-0.351656,0.888582,1.000000
0.000000,0.000000,1.000000,-0.083004,0.883529,0.000000
1.000000,1.000000,1.000000,0.573583,2.495416,1.000000
0.000000,0.000000,0.000000,-0.423476,-0.797257,1.000000
1.000000,0.000000,1.000000,-0.148840,4.346725,0.000000
0.000000,0.000000,1.000000,-2.646153,5.168795,0.000000
1.000000,0.000000,0.000000,2.112255,-2.520247,1.000000
0.000000,0.000000,0.000000,0.557424,-1.944004,0.000000
0.000000,0.000000,0.000000,-1.824717,2.725174,0.000000
0.000000,0.000000,0.000000,-1.311726,6.447928,0.000000
1.000000,1.000000,1.000000,0.288211,1.326468,0.000000
1.000000,0.000000,0.000000,0.987748,-0.486668,1.000000
0.000000,0.000000,0.000000,0.469031,0.208600,0.000000
1.000000,1.000000,0.000000,2.438743,1.454169,1.000000
1.000000,0.000000,0.000000,-0.051311,-0.592298,1.000000
0.000000,0.000000,0.000000,-0.791248,1.622961,0.000000
1.000000,0.000000,0.000000,3.162441,-3.731516,1.000000
0.000000,0.000000,1.000000,-1.853015,2.643075,0.000000
0.000000,0.000000,1.000000,-0.799339,5.207746,0.000000
1.000000,0.000000,1.000000,-0.766266,-1.973181,1.000000
0.000000,0.000000,0.000000,-2.135064,2.482650,0.000000
0.000000,0.000000,0.000000,-0.099682,0.248101,0.000000
0.000000,0.000000,0.000000,-0.348904,1.358992,0.000000
0.000000,0.000000,1.000000,-2.979334,-0.115232,0.000000
0.000000,0.000000,0.000000,-1.811954,3.987360,0.000000
0.000000,0.000000,0.000000,-0.218093,1.967588,0.000000
0.000000,0.000000,1.000000,-1.677418,3.117266,0.000000
1.000000,0.000000,0.000000,-1.124342,1.113586,1.000000
1.000000,0.000000,0.000000,-0.474428,2.159276,0.000000
0.000000,0.000000,0.000000,0.177756,3.301671,0.000000
0.000000,1.000000,0.000000,-0.261721,0.820970,0.000000
1.000000,1.000000,0.000000,1.743719,0.567813,1.000000
1.000000,1.000000,1.000000,1.089565,1.484515,1.000000
0.000000,0.000000,1.000000,-1.408725,-2.994546,1.000000
0.000000,0.000000,0.000000,-0.691053,1.557148,0.000000
0.000000,0.000000,1.000000,-2.508998,2.938590,0.000000
1.000000,0.000000,1.000000,-1.540664,2.154923,0.000000
0.000000,0.000000,0.000000,-0.774683,1.774848,0.000000
1.000000,0.000000,1.000000,0.083365,1.582139,1.000000
0.000000,0.000000,0.000000,0.654374,1.385443,0.000000
0.000000,0.000000,0.000000,-0.395045,-0.001576,0.000000
1.000000,0.000000,0.000000,0.919071,2.394298,1.000000
1.000000,1.000000,0.000000,1.539237,1.146429,1.000000
0.000000,0.000000,1.000000,0.599234,2.453066,0.000000
0.000000,0.000000,1.000000,-2.933116,2.854688,0.000000
1.000000,0.000000,1.000000,-0.463033,0.830380,0.000000
1.000000,1.000000,1.000000,0.575961,2.146793,0.000000
1.000000,0.000000,0.000000,0.392548,1.391594,0.000000
0.000000,0.000000,0.000000,-0.037388,1.204020,0.000000
0.000000,0.000000,0.000000,-1.747780,3.267285,0.000000
0.000000,0.000000,0.000000,-2.283915,2.499449,0.000000
1.000000,0.000000,0.000000,0.605069,-0.633013,0.000000
0.000000,0.000000,0.000000,1.544077,0.268798,1.000000
1.000000,0.000000,0.000000,0.350684,-1.441535,0.000000
1.000000,0.000000,0.000000,1.406588,0.061124,1.000000
0.000000,1.000000,1.000000,0.127911,2.832449,0.000000
0.000000,0.000000,0.000000,0.072240,0.824101,0.000000
1.000000,0.000000,0.000000,1.675508,1.753125,0.000000
1.000000,0.000000,0.000000,0.543123,1.816864,1.000000
0.000000,0.000000,0.000000,1.080597,1.230356,0.000000
1.000000,1.000000,0.000000,1.012899,-3.664876,1.000000
1.000000,1.000000,0.000000,1.227759,1.090683,1.000000
1.000000,0.000000,0.000000,0.325692,3.018457,0.000000
0.000000,0.000000,0.000000,-1.610771,1.421702,0.000000
1.000000,1.000000,1.000000,-0.073381,1.548028,0.000000
0.000000,0.000000,0.000000,0.488973,0.807064,0.000000
0.000000,0.000000,0.000000,0.577378,-0.065424,0.000000
0.000000,0.000000,1.000000,-1.885189,1.660263,1.000000
0.000000,0.000000,0.000000,-0.581540,2.099091,0.000000
1.000000,1.000000,1.000000,0.523796,0.494890,0.000000
0.000000,0.000000,0.000000,-1.004319,-0.392035,0.000000
0.000000,0.000000,0.000000,-0.270812,1.681041,0.000000
0.000000,0.000000,1.000000,-0.404213,2.366013,0.000000
1.000000,0.000000,0.000000,1.016653,-1.248128,1.000000
0.000000,0.000000,1.000000,-2.307021,0.080997,0.000000
0.000000,0.000000,0.000000,-0.257972,2.330678,0.000000
1.000000,1.000000,0.000000,3.050770,-2.563718,1.000000
1.000000,1.000000,0.000000,0.592412,-2.836186,1.000000
0.000000,0.000000,0.000000,0.157760,3.480597,0.000000
0.000000,0.000000,0.000000,-1.139001,-0.133971,1.000000
1.000000,1.000000,0.000000,1.334543,-1.988435,0.000000
1.000000,0.000000,0.000000,1.295390,-0.208982,1.000000
0.000000,0.000000,1.000000,-1.528852,2.200938,0.000000
0.000000,0.000000,1.000000,-0.377425,3.711488,0.000000
0.000000,0.000000,1.000000,-0.294592,1.252536,0.000000
0.000000,0.000000,1.000000,-0.514560,8.026844,0.000000
0.000000,0.000000,0.000000,0.228571,0.061996,0.000000
0.000000,0.000000,0.000000,-1.521431,1.866090,0.000000
0.000000,1.000000,1.000000,-1.633629,-0.047512,1.000000
0.000000,0.000000,0.000000,-2.142471,-1.054404,0.000000
0.000000,1.000000,1.000000,-2.131951,2.569449,0.000000
1.000000,1.000000,1.000000,-0.790132,0.944013,0.000000
0.000000,0.000000,0.000000,-0.905282,-3.312207,1.000000
0.000000,0.000000,0.000000,-0.676434,-1.539525,1.000000
0.000000,0.000000,0.000000,0.188754,2.269247,0.000000
0.000000,0.000000,1.000000,-1.970743,4.285360,0.000000
1.000000,0.000000,0.000000,1.159787,0.585698,1.000000
1.000000,1.000000,0.000000,1.173956,1.188589,0.000000
0.000000,0.000000,1.000000,-2.202570,3.911574,0.000000
0.000000,0.000000,0.000000,-1.653429,4.861672,0.000000
1.000000,0.000000,0.000000,0.432877,-1.728858,1.000000
0.000000,0.000000,0.000000,0.281243,0.021610,0.000000
0.000000,0.000000,1.000000,0.658361,3.856802,0.000000
0.000000,0.000000,1.000000,-1.131393,4.413534,0.000000
1.000000,0.000000,0.000000,0.387920,0.699684,0.000000
0.000000,0.000000,1.000000,-0.557016,0.577285,0.000000
1.000000,0.000000,0.000000,0.269798,0.744610,1.000000
1.000000,0.000000,1.000000,-0.750127,3.425747,0.000000
1.000000,0.000000,1.000000,-1.743353,3.608552,0.000000
1.000000,0.000000,1.000000,0.747970,4.095928,0.000000
0.000000,0.000000,0.000000,-0.440035,2.192856,1.000000
1.000000,0.000000,1.000000,-2.135843,2.794224,0.000000
1.000000,0.000000,0.000000,-0.137776,1.764425,0.000000
0.000000,0.000000,1.000000,-0.192719,1.257304,0.000000
1.000000,1.000000,0.000000,0.762266,0.137998,1.000000
1.000000,1.000000,0.000000,0.903163,0.584447,0.000000
0.000000,0.000000,0.000000,-1.054874,2.994259,0.000000
0.000000,0.000000,1.000000,-2.374087,0.831989,1.000000
1.000000,1.000000,1.000000,1.793722,4.440861,0.000000
0.000000,0.000000,1.000000,-2.178960,4.937074,0.000000
0.000000,0.000000,0.000000,0.647845,1.528461,1.000000
0.000000,0.000000,0.000000,0.078305,0.889800,0.000000
1.000000,0.000000,0.000000,1.143714,1.699037,0.000000
1.000000,0.000000,0.000000,-0.672095,0.378522,0.000000
1.000000,1.000000,0.000000,1.231157,0.649414,1.000000
1.000000,1.000000,0.000000,1.630937,-2.009452,0.000000
0.000000,0.000000,1.000000,-2.259975,3.506475,0.000000
0.000000,0.000000,0.000000,-0.138508,5.604732,0.000000
1.000000,1.000000,0.000000,3.152640,-0.534330,1.000000
1.000000,0.000000,0.000000,0.525481,0.690416,0.000000
1.000000,0.000000,0.000000,1.174081,-1.517381,1.000000
1.000000,0.000000,1.000000,0.690107,1.301608,0.000000
1.000000,0.000000,0.000000,0.056499,0.847269,1.000000
1.000000,1.000000,0.000000,1.036431,-0.506954,0.000000
1.000000,0.000000,0.000000,0.083506,0.536067,1.000000
1.000000,0.000000,0.000000,-0.122324,0.005088,1.000000
0.000000,0.000000,1.000000,-0.532240,0.583275,0.000000
0.000000,0.000000,0.000000,-1.423021,1.473742,0.000000
0.000000,0.000000,1.000000,-2.059404,-1.148326,1.000000
1.000000,0.000000,0.000000,0.426629,0.741700,1.000000
0.000000,0.000000,0.000000,-0.019711,-0.902058,0.000000
0.000000,0.000000,0.000000,0.434941,0.462123,1.000000
1.000000,0.000000,0.000000,-0.208497,1.748800,0.000000
1.000000,1.000000,0.000000,2.382303,1.885920,0.000000
0.000000,0.000000,1.000000,-0.912902,1.957786,0.000000
0.000000,0.000000,1.000000,-0.667332,1.916087,0.000000
0.000000,0.000000,1.000000,-1.825957,4.430651,0.000000
1.000000,0.000000,0.000000,-0.620671,0.866668,0.000000
0.000000,0.000000,0.000000,-2.217486,2.938656,0.000000
0.000000,0.000000,0.000000,-1.096266,-2.854574,0.000000
0.000000,0.000000,0.000000,-0.254347,-1.984344,1.000000
1.000000,0.000000,0.000000,-0.349848,0.436963,0.000000
0.000000,1.000000,0.000000,2.827189,0.546539,1.000000
1.000000,1.000000,1.000000,0.447407,-0.108037,1.000000
0.000000,0.000000,1.000000,-1.605289,2.214825,0.000000
0.000000,0.000000,0.000000,-1.102785,-1.406712,0.000000
1.000000,0.000000,0.000000,0.485401,0.817728,0.000000
0.000000,0.000000,0.000000,-0.073947,0.712238,0.000000
0.000000,0.000000,1.000000,-1.087528,-1.936142,0.000000
1.000000,0.000000,0.000000,0.639370,0.075385,1.000000
1.000000,1.000000,0.000000,2.137188,3.906465,1.000000
1.000000,0.000000,1.000000,-0.077097,1.019203,0.000000
0.000000,0.000000,0.000000,-0.790053,4.600603,0.000000
1.000000,0.000000,0.000000,-0.603199,1.467847,1.000000
1.000000,0.000000,0.000000,0.018740,0.916983,1.000000
0.000000,0.000000,1.000000,-1.184738,3.829697,0.000000
0.000000,0.000000,0.000000,0.870382,1.326680,0.000000
1.000000,0.000000,0.000000,-0.049058,0.476940,0.000000
0.000000,0.000000,0.000000,-1.613247,1.959508,1.000000
1.000000,1.000000,0.000000,2.920534,1.148715,1.000000
1.000000,0.000000,1.000000,0.228008,2.455470,0.000000
1.000000,0.000000,0.000000,-0.651589,3.413162,0.000000
1.000000,1.000000,1.000000,0.973192,2.487325,0.000000
1.000000,0.000000,0.000000,1.588883,2.219095,1.000000
0.000000,0.000000,0.000000,1.360445,0.552621,1.000000
1.000000,0.000000,0.000000,1.108379,0.659101,1.000000
0.000000,0.000000,0.000000,-0.296841,2.832110,1.000000
0.000000,0.000000,0.000000,-2.683735,4.345628,0.000000
1.000000,0.000000,0.000000,-0.301224,-1.592020,0.000000
1.000000,1.000000,1.000000,-0.843511,-0.420929,1.000000
1.000000,0.000000,0.000000,0.585999,1.946826,0.000000
0.000000,1.000000,0.000000,-1.296526,-0.164341,0.000000
0.000000,0.000000,1.000000,-1.451329,6.741152,0.000000
0.000000,0.000000,0.000000,1.385871,-0.314402,0.000000
0.000000,0.000000,0.000000,-0.082420,4.559559,1.000000
0.000000,0.000000,1.000000,0.006428,-0.255660,0.000000
0.000000,0.000000,1.000000,-2.555048,7.115647,0.000000
0.000000,1.000000,1.000000,-0.988320,4.222135,0.000000
0.000000,0.000000,0.000000,-0.900564,-0.154577,0.000000
1.000000,0.000000,0.000000,2.522631,0.018245,0.000000
1.000000,1.000000,0.000000,2.035338,-1.613076,1.000000
0.000000,0.000000,0.000000,1.335739,2.074705,0.000000
0.000000,1.000000,1.000000,-1.562834,-0.463299,0.000000
0.000000,0.000000,0.000000,-0.332453,2.790688,1.000000
0.000000,0.000000,0.000000,-1.856298,0.795541,0.000000
1.000000,1.000000,1.000000,0.197432,-2.062607,1.000000
0.000000,0.000000,0.000000,0.221568,2.527520,0.000000
0.000000,0.000000,0.000000,-0.552476,1.539200,0.000000
0.000000,0.000000,0.000000,1.277948,2.433277,0.000000
0.000000,0.000000,1.000000,-1.429414,2.150773,0.000000
0.000000,0.000000,0.000000,1.027641,0.246140,0.000000
1.000000,1.000000,1.000000,0.620658,-0.394992,1.000000
0.000000,0.000000,0.000000,0.226291,0.822221,0.000000
1.000000,0.000000,0.000000,0.445318,-2.097717,0.000000
1.000000,1.000000,1.000000,-1.684651,-1.642465,0.000000
1.000000,0.000000,0.000000,0.952539,2.019130,0.000000
0.000000,0.000000,0.000000,-0.245767,0.823043,0.000000
0.000000,0.000000,0.000000,0.602492,2.477003,1.000000
0.000000,0.000000,0.000000,-2.167394,0.442740,1.000000
0.000000,0.000000,0.000000,-0.354147,-0.341609,1.000000
0.000000,0.000000,0.000000,-0.417537,2.447114,1.000000
0.000000,0.000000,0.000000,-0.163399,1.155459,0.000000
1.000000,1.000000,0.000000,1.655970,1.481529,0.000000
0.000000,0.000000,0.000000,-0.016286,2.540736,0.000000
1.000000,0.000000,0.000000,2.636763,4.818860,0.000000
0.000000,0.000000,0.000000,0.160650,-0.470623,1.000000
0.000000,0.000000,1.000000,-2.506421,4.051001,0.000000
0.000000,0.000000,0.000000,-0.081905,0.615732,0.000000
0.000000,0.000000,0.000000,-2.832375,1.146882,0.000000
1.000000,0.000000,0.000000,0.282865,1.492975,1.000000
1.000000,1.000000,1.000000,0.497931,2.641331,0.000000
1.000000,0.000000,1.000000,0.400655,0.797565,0.000000
0.000000,0.000000,0.000000,-1.183281,0.279429,0.000000
0.000000,0.000000,0.000000,-0.753700,0.964961,0.000000
1.000000,0.000000,0.000000,0.556618,-0.501895,1.000000
0.000000,0.000000,0.000000,0.803566,-0.702039,0.000000
1.000000,0.000000,0.000000,0.424685,-1.080650,1.000000
1.000000,0.000000,1.000000,0.051926,-0.479906,0.000000
0.000000,0.000000,0.000000,-0.491674,-0.285770,0.000000
0.000000,0.000000,0.000000,0.928110,-2.740380,1.000000
0.000000,0.000000,1.000000,-0.424437,3.336342,0.000000
1.000000,0.000000,0.000000,0.808548,-0.044807,1.000000
1.000000,0.000000,0.000000,1.460688,0.353702,0.000000
0.000000,0.000000,0.000000,-0.374177,-0.122654,1.000000
0.000000,0.000000,1.000000,-2.117342,4.181460,0.000000
0.000000,0.000000,0.000000,-0.891735,-3.410221,1.000000
1.000000,0.000000,1.000000,-0.405766,2.816563,0.000000
1.000000,0.000000,0.000000,0.695735,0.202255,1.000000
0.000000,0.000000,1.000000,-0.949998,2.649374,0.000000
0.000000,0.000000,0.000000,-0.620478,3.184823,0.000000
0.000000,0.000000,0.000000,0.453961,1.392395,0.000000
0.000000,0.000000,0.000000,-0.533045,-0.610954,1.000000
1.000000,0.000000,0.000000,1.645525,1.257274,1.000000
1.000000,0.000000,1.000000,1.037428,1.917744,0.000000
0.000000,0.000000,0.000000,-0.140335,1.757013,0.000000
0.000000,0.000000,1.000000,-0.113102,1.840089,0.000000
0.000000,0.000000,0.000000,0.116107,1.607564,1.000000
1.000000,0.000000,0.000000,-1.711160,-0.276372,0.000000
0.000000,0.000000,0.000000,0.523317,4.626728,0.000000
0.000000,0.000000,1.000000,-1.573167,0.847995,0.000000
1.000000,0.000000,0.000000,0.237516,-1.340617,0.000000
0.000000,0.000000,0.000000,-1.515819,3.282210,0.000000
0.000000,1.000000,1.000000,0.085534,2.586924,0.000000
1.000000,1.000000,0.000000,2.161514,0.117643,1.000000
0.000000,0.000000,0.000000,-0.008053,-0.810883,1.000000
0.000000,0.000000,0.000000,0.118732,1.259154,1.000000
0.000000,0.000000,0.000000,0.139320,-0.696895,0.000000
0.000000,0.000000,1.000000,-1.265809,1.217517,0.000000
1.000000,0.000000,0.000000,0.540918,-1.530197,1.000000
0.000000,0.000000,0.000000,-0.445500,1.291547,0.000000
0.000000,0.000000,0.000000,-1.047204,3.251851,0.000000
1.000000,1.000000,0.000000,1.508471,0.001253,1.000000
1.000000,1.000000,1.000000,-0.716293,0.838803,1.000000
0.000000,0.000000,0.000000,-0.801048,-0.963000,0.000000
1.000000,0.000000,0.000000,-0.625861,0.890219,1.000000
1.000000,1.000000,1.000000,0.422165,-0.665049,0.000000
0.000000,0.000000,0.000000,-0.448584,1.813046,0.000000
0.000000,0.000000,1.000000,-2.037176,-0.292707,0.000000
0.000000,1.000000,0.000000,-1.012736,2.344787,0.000000
0.000000,0.000000,0.000000,0.724811,4.697818,1.000000
1.000000,0.000000,1.000000,-0.276529,3.476718,0.000000
1.000000,1.000000,1.000000,0.474429,-0.083538,1.000000
1.000000,0.000000,0.000000,0.031694,0.515316,0.000000
1.000000,0.000000,1.000000,-1.250418,-0.701629,0.000000
0.000000,0.000000,0.000000,0.413995,1.877497,0.000000
0.000000,0.000000,0.000000,-0.110220,-0.880830,0.000000
0.000000,1.000000,1.000000,-0.843034,1.735655,0.000000
0.000000,0.000000,1.000000,-1.683055,1.635696,1.000000
1.000000,1.000000,1.000000,-1.317686,-0.064825,1.000000
1.000000,0.000000,0.000000,0.961302,-0.404057,0.000000
0.000000,0.000000,0.000000,0.635734,2.376255,0.000000
0.000000,0.000000,0.000000,-2.471379,2.653214,0.000000
0.000000,0.000000,0.000000,0.217179,1.942238,0.000000
1.000000,0.000000,0.000000,-1.140276,1.596698,0.000000
0.000000,0.000000,0.000000,-0.780311,1.358536,1.000000
1.000000,0.000000,0.000000,0.606559,2.662143,1.000000
1.000000,0.000000,0.000000,0.659297,0.573766,1.000000
0.000000,0.000000,1.000000,-0.278168,1.209947,0.000000
0.000000,0.000000,1.000000,-1.362407,3.587165,0.000000
0.000000,0.000000,0.000000,0.058013,1.721828,0.000000
0.000000,0.000000,1.000000,-1.244254,4.368309,0.000000
0.000000,0.000000,0.000000,-0.699593,1.561822,0.000000
1.000000,0.000000,0.000000,-1.101514,-0.502401,0.000000
0.000000,0.000000,1.000000,-0.759295,-0.059949,0.000000
0.000000,0.000000,0.000000,-0.475424,0.223718,0.000000
0.000000,0.000000,1.000000,-0.639241,5.010129,0.000000
0.000000,0.000000,0.000000,-2.438325,-0.081618,0.000000
0.000000,0.000000,0.000000,-1.110242,3.447627,0.000000
1.000000,0.000000,1.000000,0.222621,1.427964,0.000000
0.000000,0.000000,0.000000,-0.904457,0.754945,1.000000
0.000000,1.000000,1.000000,-0.317023,1.851931,0.000000
0.000000,0.000000,1.000000,-1.741763,2.905664,0.000000
0.000000,0.000000,0.000000,0.458650,6.959928,0.000000
0.000000,0.000000,0.000000,-0.225452,2.587576,0.000000
1.000000,1.000000,1.000000,-0.505598,2.378446,0.000000
0.000000,0.000000,0.000000,-0.327510,-2.828448,0.000000
0.000000,0.000000,0.000000,-1.300850,1.179948,0.000000
0.000000,1.000000,1.000000,0.537064,2.341875,0.000000
0.000000,0.000000,0.000000,-0.071416,0.640267,0.000000
1.000000,0.000000,0.000000,0.892641,-0.450373,1.000000
0.000000,0.000000,0.000000,-1.304477,0.184027,0.000000
1.000000,0.000000,0.000000,0.593789,-2.295255,1.000000
0.000000,0.000000,0.000000,0.646580,0.980269,0.000000
1.000000,0.000000,0.000000,0.032003,-1.986030,1.000000
0.000000,0.000000,1.000000,-2.295196,2.270481,0.000000
0.000000,0.000000,1.000000,-1.524805,2.368174,0.000000
0.000000,0.000000,0.000000,1.303487,0.491904,1.000000
1.000000,1.000000,1.000000,0.653964,0.216508,1.000000
1.000000,0.000000,1.000000,0.238261,0.545928,0.000000
1.000000,1.000000,0.000000,1.331452,1.517095,0.000000
0.000000,0.000000,1.000000,-2.846575,1.862857,0.000000
0.000000,0.000000,1.000000,-0.909121,2.986702,0.000000
0.000000,0.000000,0.000000,-0.779416,4.031339,0.000000
0.000000,0.000000,0.000000,1.609454,-0.004605,0.000000
0.000000,0.000000,0.000000,-0.407258,1.566686,1.000000
0.000000,0.000000,0.000000,-0.922218,0.728698,0.000000
0.000000,0.000000,0.000000,-0.170667,-0.404524,1.000000
0.000000,0.000000,0.000000,0.834393,-0.664830,1.000000
0.000000,0.000000,1.000000,-0.774400,2.292281,0.000000
0.000000,0.000000,0.000000,-0.316513,0.501442,0.000000
1.000000,1.000000,0.000000,1.183145,2.389929,0.000000
0.000000,0.000000,0.000000,0.345815,2.043766,0.000000
0.000000,0.000000,1.000000,0.074229,6.780163,0.000000
0.000000,0.000000,0.000000,0.035796,3.496029,0.000000
0.000000,0.000000,0.000000,1.312994,-0.275237,1.000000
0.000000,0.000000,0.000000,-0.918094,0.442303,0.000000
0.000000,1.000000,1.000000,-0.894382,1.400674,0.000000
0.000000,0.000000,1.000000,-1.648000,2.326281,0.000000
1.000000,1.000000,1.000000,0.694659,4.158708,0.000000
1.000000,0.000000,1.000000,-0.824982,1.217687,0.000000
0.000000,0.000000,0.000000,-1.110256,-0.963027,1.000000
0.000000,0.000000,0.000000,0.563150,1.061977,0.000000
1.000000,0.000000,1.000000,-1.214456,-0.940427,1.000000
0.000000,0.000000,0.000000,0.119943,0.558920,0.000000
1.000000,1.000000,1.000000,-0.877086,0.556783,0.000000
1.000000,0.000000,0.000000,-0.546700,-2.710107,1.000000
1.000000,0.000000,0.000000,0.322599,-0.953251,0.000000
0.000000,0.000000,0.000000,0.631503,4.647607,0.000000
0.000000,0.000000,0.000000,-1.529236,1.937024,0.000000
0.000000,0.000000,1.000000,-0.927995,4.122531,0.000000
0.000000,0.000000,1.000000,-1.155474,5.258901,0.000000
0.000000,0.000000,0.000000,-0.407974,3.216497,0.000000
1.000000,0.000000,0.000000,1.044050,1.622240,0.000000
1.000000,1.000000,1.000000,1.849694,1.442486,0.000000
0.000000,0.000000,0.000000,0.550944,-1.444787,1.000000
1.000000,0.000000,0.000000,1.528113,-0.835323,1.000000
0.000000,0.000000,0.000000,-0.028382,-1.593467,1.000000
0.000000,0.000000,0.000000,-1.227012,0.815352,1.000000
0.000000,0.000000,0.000000,2.064334,0.569874,1.000000
0.000000,0.000000,0.000000,-0.161752,2.690992,0.000000
0.000000,0.000000,0.000000,-0.219107,1.674081,0.000000
1.000000,1.000000,1.000000,1.767528,0.442311,1.000000
1.000000,1.000000,0.000000,4.764164,0.384360,1.000000
1.000000,0.000000,1.000000,0.276323,0.484381,1.000000
0.000000,0.000000,0.000000,-0.163278,3.836605,0.000000
1.000000,0.000000,0.000000,-0.436917,-2.998786,1.000000
0.000000,0.000000,1.000000,-1.477909,0.570277,0.000000
0.000000,0.000000,0.000000,-0.508338,0.410058,1.000000
0.000000,0.000000,0.000000,-0.318645,2.605911,0.000000
1.000000,0.000000,0.000000,0.950944,1.269801,0.000000
0.000000,0.000000,1.000000,-1.941076,1.407235,0.000000
1.000000,0.000000,0.000000,1.575209,-0.088077,1.000000
0.000000,0.000000,0.000000,-0.078578,-1.266407,0.000000
1.000000,0.000000,0.000000,0.762913,-1.346886,0.000000
0.000000,0.000000,0.000000,0.897986,3.884492,0.000000
0.000000,0.000000,0.000000,-1.711261,2.065978,0.000000
1.000000,1.000000,1.000000,-0.030757,0.460740,0.000000
0.000000,1.000000,1.000000,-1.266673,4.772869,0.000000
0.000000,0.000000,0.000000,-0.473950,4.540873,0.000000
1.000000,1.000000,0.000000,1.487352,1.607892,0.000000
0.000000,1.000000,1.000000,0.484392,0.202835,0.000000
1.000000,0.000000,0.000000,0.461733,2.293837,0.000000
0.000000,1.000000,1.000000,-0.823785,3.430319,0.000000
0.000000,0.000000,0.000000,-0.633646,0.568613,0.000000
0.000000,1.000000,1.000000,-0.928091,1.373956,0.000000
0.000000,0.000000,1.000000,-1.210993,1.310735,0.000000
0.000000,0.000000,0.000000,-0.680363,-0.547195,1.000000
0.000000,0.000000,1.000000,-0.393144,3.411375,0.000000
1.000000,0.000000,0.000000,0.144068,-1.310566,0.000000
0.000000,0.000000,1.000000,0.556589,0.541102,1.000000
0.000000,0.000000,0.000000,-0.026686,-1.045811,0.000000
0.000000,1.000000,1.000000,0.016274,1.877031,0.000000
1.000000,0.000000,0.000000,0.392955,-0.366820,1.000000
0.000000,0.000000,0.000000,-0.423948,1.880171,0.000000
0.000000,0.000000,0.000000,-0.960680,-0.611409,0.000000
1.000000,0.000000,0.000000,0.831828,1.709797,1.000000
1.000000,0.000000,0.000000,2.424489,2.454519,0.000000
1.000000,0.000000,1.000000,0.610435,-1.195200,1.000000
1.000000,0.000000,1.000000,-1.941050,2.266149,0.000000
1.000000,1.000000,1.000000,0.885941,2.570675,0.000000
0.000000,0.000000,1.000000,-1.444374,1.439901,0.000000
0.000000,0.000000,0.000000,1.161358,-0.391779,0.000000
1.000000,0.000000,0.000000,1.380313,-0.404699,1.000000
1.000000,0.000000,0.000000,-1.298485,2.483416,0.000000
0.000000,0.000000,1.000000,-0.773394,7.435559,0.000000
1.000000,1.000000,0.000000,2.165898,0.070670,1.000000
0.000000,0.000000,0.000000,-0.300897,2.303638,0.000000
0.000000,0.000000,0.000000,0.803458,5.406975,0.000000
1.000000,0.000000,0.000000,0.061092,-2.051694,1.000000
0.000000,0.000000,0.000000,-1.405822,-2.445854,1.000000
1.000000,0.000000,0.000000,0.488074,4.045825,0.000000
0.000000,0.000000,0.000000,-0.756263,1.227899,1.000000
0.000000,0.000000,0.000000,1.650760,3.434603,0.000000
0.000000,0.000000,0.000000,-2.335151,3.688051,0.000000
1.000000,0.000000,1.000000,-1.238246,-1.317087,0.000000
0.000000,0.000000,0.000000,-0.684546,3.062537,0.000000
0.000000,0.000000,1.000000,-1.865711,0.800844,0.000000
0.000000,0.000000,0.000000,0.116956,1.720291,0.000000
1.000000,0.000000,0.000000,0.094540,-1.446373,0.000000
0.000000,0.000000,1.000000,-2.032807,2.906062,0.000000
1.000000,0.000000,0.000000,0.293844,2.796236,0.000000
1.000000,0.000000,0.000000,0.566350,2.138149,1.000000
0.000000,0.000000,1.000000,-0.677710,0.592466,1.000000
1.000000,0.000000,1.000000,-0.759041,2.771357,1.000000
1.000000,0.000000,0.000000,-0.060279,-2.187416,1.000000
0.000000,0.000000,0.000000,-0.108285,-0.216068,0.000000
0.000000,1.000000,1.000000,-1.200425,5.080753,0.000000
1.000000,0.000000,0.000000,0.894667,-2.514617,1.000000
0.000000,0.000000,1.000000,-1.398476,0.680994,0.000000
1.000000,1.000000,0.000000,0.571438,0.817445,1.000000
1.000000,0.000000,1.000000,-1.805928,1.197820,0.000000
0.000000,0.000000,1.000000,-3.010991,-0.118478,1.000000
0.000000,0.000000,0.000000,0.136737,0.693126,1.000000
1.000000,0.000000,0.000000,0.275300,-2.862828,0.000000
0.000000,0.000000,0.000000,-0.285108,2.559505,1.000000
1.000000,1.000000,1.000000,-0.595287,-2.230068,0.000000
1.000000,1.000000,1.000000,1.197537,1.752995,1.000000
1.000000,1.000000,1.000000,-0.090360,-1.707487,0.000000
0.000000,0.000000,0.000000,-0.265024,1.332598,1.000000
0.000000,0.000000,0.000000,-0.719715,6.167292,0.000000
1.000000,0.000000,0.000000,-0.164114,1.747030,0.000000
0.000000,1.000000,0.000000,-0.082218,1.572781,0.000000
0.000000,1.000000,1.000000,-1.579865,2.475968,1.000000
0.000000,0.000000,0.000000,-2.233325,1.457626,1.000000
1.000000,0.000000,1.000000,-0.229764,0.977082,1.000000
0.000000,0.000000,1.000000,-0.965013,2.946332,0.000000
1.000000,1.000000,0.000000,-0.017668,2.935763,1.000000
1.000000,0.000000,0.000000,-0.092451,-0.119261,1.000000
1.000000,1.000000,0.000000,2.571641,-2.877511,1.000000
1.000000,0.000000,0.000000,-0.434976,1.838035,0.000000
0.000000,0.000000,0.000000,-1.076427,1.470180,0.000000
1.000000,1.000000,1.000000,0.284374,1.804956,0.000000
0.000000,0.000000,0.000000,-0.380563,1.409342,0.000000
0.000000,0.000000,0.000000,0.476176,1.769246,0.000000
1.000000,0.000000,0.000000,1.092429,0.848172,1.000000
1.000000,0.000000,0.000000,-0.863841,4.148380,0.000000
0.000000,0.000000,0.000000,-2.830308,6.313036,0.000000
1.000000,1.000000,1.000000,-0.508222,-1.218658,1.000000
1.000000,0.000000,0.000000,1.925977,-2.166483,1.000000
0.000000,0.000000,0.000000,0.116831,0.212580,0.000000
0.000000,0.000000,0.000000,-1.153177,1.021234,1.000000
0.000000,0.000000,0.000000,0.100574,0.414703,1.000000
0.000000,0.000000,0.000000,-0.378579,1.947185,0.000000
0.000000,1.000000,0.000000,1.135821,5.754271,0.000000
0.000000,0.000000,0.000000,0.022926,1.148425,0.000000
1.000000,0.000000,0.000000,-0.457422,0.954276,0.000000
0.000000,0.000000,1.000000,-1.561537,2.551194,0.000000
0.000000,0.000000,0.000000,-0.090568,-0.507348,0.000000
1.000000,1.000000,0.000000,1.701331,1.671404,0.000000
1.000000,0.000000,0.000000,0.192219,2.677890,1.000000
0.000000,1.000000,1.000000,-0.905051,4.486574,0.000000
0.000000,0.000000,0.000000,0.229810,-1.059903,1.000000
1.000000,1.000000,1.000000,0.694357,2.507777,0.000000
1.000000,1.000000,1.000000,0.278233,2.705207,0.000000
1.000000,0.000000,0.000000,0.803426,1.319747,1.000000
1.000000,0.000000,0.000000,0.328203,-2.844441,1.000000
0.000000,0.000000,1.000000,-1.352770,2.799049,0.000000
0.000000,0.000000,1.000000,-1.121572,0.173348,0.000000
0.000000,0.000000,1.000000,-3.059989,3.101417,0.000000
0.000000,0.000000,1.000000,-2.386400,2.847491,0.000000
0.000000,0.000000,0.000000,-0.393053,3.366363,0.000000
1.000000,1.000000,1.000000,-0.952315,-0.424026,0.000000
1.000000,0.000000,1.000000,0.059065,-0.305099,1.000000
1.000000,1.000000,0.000000,1.692464,1.369920,0.000000
1.000000,0.000000,1.000000,0.016882,0.931470,1.000000
0.000000,0.000000,1.000000,-3.582803,-1.219198,0.000000
1.000000,1.000000,1.000000,1.165889,4.763963,0.000000
0.000000,0.000000,0.000000,0.461154,5.796178,0.000000
1.000000,0.000000,0.000000,-0.418803,-0.213140,1.000000
0.000000,0.000000,0.000000,0.397883,2.411437,1.000000
0.000000,1.000000,0.000000,1.141160,1.128472,0.000000
1.000000,1.000000,1.000000,-1.426640,1.530735,0.000000
0.000000,0.000000,0.000000,-0.179654,2.203631,0.000000
0.000000,0.000000,0.000000,-0.058806,3.430624,0.000000
0.000000,0.000000,1.000000,-1.091623,1.010186,1.000000
0.000000,0.000000,0.000000,-0.885886,-0.046006,0.000000
1.000000,0.000000,1.000000,0.045197,-0.229443,1.000000
0.000000,0.000000,0.000000,0.445242,4.073737,0.000000
0.000000,0.000000,0.000000,-0.742880,2.229390,0.000000
0.000000,0.000000,0.000000,-1.162933,2.550380,0.000000
1.000000,1.000000,0.000000,1.282665,0.229635,1.000000
0.000000,0.000000,1.000000,-2.514715,-0.073108,1.000000
1.000000,1.000000,0.000000,0.710269,0.159336,1.000000
0.000000,0.000000,1.000000,-0.099339,1.900895,0.000000
0.000000,0.000000,0.000000,-1.120844,3.409725,0.000000
0.000000,0.000000,0.000000,1.041991,0.366191,0.000000
0.000000,0.000000,0.000000,-0.549370,0.083914,0.000000
1.000000,0.000000,0.000000,-0.789798,-1.370394,1.000000
0.000000,0.000000,1.000000,-0.615401,4.145375,0.000000
0.000000,0.000000,0.000000,-0.509864,3.785349,0.000000
0.000000,1.000000,1.000000,0.559087,6.680460,0.000000
1.000000,0.000000,0.000000,-0.281497,-3.151362,1.000000
1.000000,0.000000,0.000000,-0.870082,0.223014,0.000000
1.000000,0.000000,1.000000,-0.061762,2.507811,0.000000
0.000000,0.000000,0.000000,-1.119780,0.999232,0.000000
0.000000,0.000000,0.000000,-0.133680,-0.846507,0.000000
0.000000,1.000000,0.000000,1.521154,3.397286,0.000000
0.000000,0.000000,0.000000,0.282818,4.728460,0.000000
0.000000,1.000000,1.000000,0.027046,4.718710,0.000000
1.000000,0.000000,0.000000,1.373893,-0.022973,1.000000
1.000000,0.000000,0.000000,-1.203012,1.535061,0.000000
0.000000,1.000000,1.000000,0.030612,2.230415,0.000000
1.000000,0.000000,0.000000,-0.229400,1.594825,1.000000
0.000000,1.000000,1.000000,-0.744808,3.979883,0.000000
0.000000,0.000000,0.000000,-1.636078,3.075949,0.000000
0.000000,0.000000,0.000000,-1.001345,0.753925,0.000000
0.000000,1.000000,1.000000,0.362619,-0.600750,0.000000
0.000000,0.000000,0.000000,0.799193,-0.856720,1.000000
0.000000,1.000000,1.000000,-1.300687,4.457930,0.000000
0.000000,0.000000,1.000000,-2.563465,2.584298,0.000000
0.000000,0.000000,0.000000,-0.631500,3.947193,0.000000
1.000000,0.000000,0.000000,-0.094471,-0.051238,0.000000
0.000000,0.000000,0.000000,0.394261,3.231337,0.000000
0.000000,0.000000,0.000000,0.602594,0.759577,0.000000
0.000000,0.000000,0.000000,-0.827574,3.109295,0.000000
0.000000,0.000000,0.000000,0.008224,0.011202,1.000000
1.000000,1.000000,0.000000,-0.746980,2.737780,0.000000
1.000000,0.000000,0.000000,0.749910,2.259254,0.000000
0.000000,0.000000,0.000000,-2.894211,-0.581591,0.000000
1.000000,1.000000,1.000000,-0.390018,0.633527,0.000000
0.000000,1.000000,0.000000,0.272292,1.657279,0.000000
0.000000,0.000000,0.000000,-0.086689,2.807740,0.000000
0.000000,0.000000,0.000000,-0.860920,4.428168,0.000000
0.000000,0.000000,0.000000,-1.666793,3.550362,0.000000
0.000000,0.000000,0.000000,0.759756,2.061356,0.000000
0.000000,0.000000,1.000000,-1.504597,3.970309,0.000000
0.000000,0.000000,0.000000,0.127852,-0.703762,1.000000
0.000000,0.000000,1.000000,-1.768184,-3.023969,1.000000
1.000000,1.000000,0.000000,2.662058,2.469588,1.000000
0.000000,0.000000,0.000000,0.415882,0.742134,1.000000
1.000000,0.000000,1.000000,-0.195357,1.687983,0.000000
1.000000,1.000000,0.000000,0.890913,-0.595349,1.000000
0.000000,0.000000,0.000000,-0.483343,2.867024,0.000000
0.000000,0.000000,0.000000,0.583772,1.270168,1.000000
1.000000,0.000000,0.000000,1.139163,-1.405330,1.000000
1.000000,0.000000,0.000000,-1.115528,1.460182,0.000000
0.000000,0.000000,0.000000,-2.455360,-0.745295,0.000000
1.000000,0.000000,0.000000,2.675365,-1.831963,1.000000
0.000000,0.000000,0.000000,0.803384,3.876445,0.000000
0.000000,0.000000,0.000000,-1.467455,2.794024,0.000000
1.000000,1.000000,1.000000,-0.155160,3.299087,0.000000
0.000000,0.000000,1.000000,-2.510315,0.970580,0.000000
1.000000,1.000000,1.000000,-0.448621,2.929208,0.000000
0.000000,0.000000,0.000000,0.350555,5.003826,0.000000
1.000000,0.000000,0.000000,-0.385535,1.713070,1.000000
0.000000,0.000000,0.000000,-2.404241,0.268569,0.000000
0.000000,0.000000,0.000000,-0.919980,2.876722,0.000000
0.000000,0.000000,0.000000,-1.147233,2.295725,0.000000
0.000000,0.000000,1.000000,-2.727097,2.349405,0.000000
0.000000,0.000000,0.000000,-1.241297,1.339936,0.000000
0.000000,0.000000,0.000000,0.156994,2.899631,0.000000
0.000000,0.000000,0.000000,-0.444519,-2.932051,1.000000
1.000000,0.000000,1.000000,-0.887458,0.879640,1.000000
0.000000,0.000000,1.000000,-0.409131,0.941288,0.000000
1.000000,0.000000,1.000000,-0.977107,0.478820,0.000000
0.000000,0.000000,0.000000,0.198316,0.935853,1.000000
1.000000,0.000000,0.000000,-0.098202,2.144337,0.000000
0.000000,1.000000,0.000000,0.959491,4.697805,0.000000
1.000000,1.000000,1.000000,0.885889,3.079689,1.000000
1.000000,0.000000,1.000000,-0.759676,-2.141372,1.000000
1.000000,0.000000,0.000000,-0.014637,-0.712787,0.000000
1.000000,1.000000,0.000000,2.130187,1.063066,1.000000
1.000000,1.000000,1.000000,-1.125947,2.774764,1.000000
1.000000,1.000000,1.000000,-1.527536,3.302937,0.000000
1.000000,1.000000,1.000000,0.522255,2.655562,0.000000
1.000000,1.000000,0.000000,1.349258,0.896079,0.000000
1.000000,0.000000,1.000000,0.201811,-2.004659,1.000000
1.000000,1.000000,0.000000,1.075841,1.138711,0.000000
1.000000,0.000000,0.000000,1.244692,-1.545108,1.000000
1.000000,1.000000,0.000000,0.218243,-0.284319,1.000000
0.000000,0.000000,1.000000,-1.922306,1.671893,1.000000
0.000000,0.000000,1.000000,-2.413399,-0.933714,1.000000
1.000000,1.000000,0.000000,1.229115,-0.255911,1.000000
1.000000,0.000000,1.000000,1.068926,0.574208,1.000000
0.000000,0.000000,1.000000,-1.942032,3.855159,0.000000
0.000000,0.000000,0.000000,0.715439,5.385125,0.000000
0.000000,0.000000,0.000000,-1.469296,-0.262182,0.000000
0.000000,0.000000,0.000000,0.538973,0.671990,1.000000
1.000000,0.000000,0.000000,0.437549,1.830946,0.000000
0.000000,0.000000,0.000000,0.384675,3.008785,1.000000
0.000000,0.000000,0.000000,-0.512903,-1.928643,1.000000
1.000000,1.000000,0.000000,-0.076087,-0.382948,1.000000
1.000000,1.000000,1.000000,-0.477508,2.208338,0.000000
0.000000,0.000000,1.000000,-3.594497,1.265290,0.000000
1.000000,0.000000,1.000000,0.023438,-0.109489,1.000000
0.000000,0.000000,0.000000,0.034622,1.739690,1.000000
0.000000,0.000000,0.000000,-0.720826,1.692084,0.000000
1.000000,0.000000,0.000000,0.155927,-2.487639,1.000000
0.000000,0.000000,0.000000,-0.210936,-0.262088,1.000000
