0.000000,0.000000,0.000000,1.474878,5.732473,0.000000
0.000000,0.000000,1.000000,-2.223833,4.287878,0.000000
0.000000,0.000000,0.000000,-1.848250,0.076139,0.000000
1.000000,0.000000,0.000000,-2.168332,3.747902,0.000000
0.000000,0.000000,0.000000,-0.890629,3.480835,0.000000
0.000000,0.000000,0.000000,0.205444,6.159959,0.000000
1.000000,1.000000,1.000000,-0.534295,3.082630,1.000000
1.000000,0.000000,1.000000,0.434381,1.341745,1.000000
1.000000,1.000000,0.000000,2.632000,1.171465,1.000000
0.000000,0.000000,1.000000,-2.139369,4.018815,0.000000
1.000000,0.000000,0.000000,1.614669,-1.057922,1.000000
0.000000,0.000000,0.000000,-0.722728,-1.406273,0.000000
0.000000,1.000000,0.000000,-0.797284,4.852353,0.000000
1.000000,0.000000,0.000000,0.579384,0.749199,0.000000
0.000000,0.000000,0.000000,-0.108723,-0.129964,0.000000
0.000000,0.000000,0.000000,-0.095962,-0.834464,0.000000
1.000000,0.000000,0.000000,-0.233873,-1.103514,1.000000
0.000000,0.000000,1.000000,-1.571274,4.614598,0.000000
1.000000,0.000000,0.000000,-0.641293,-0.694234,0.000000
1.000000,1.000000,1.000000,0.317950,-0.472732,0.000000
1.000000,0.000000,0.000000,-0.021693,0.735393,1.000000
1.000000,1.000000,1.000000,0.414647,0.826119,0.000000
1.000000,0.000000,0.000000,1.189195,-0.521241,1.000000
1.000000,0.000000,0.000000,-0.022926,-1.798050,1.000000
0.000000,0.000000,1.000000,0.350736,2.750496,1.000000
0.000000,0.000000,0.000000,-0.244083,-2.509148,0.000000
0.000000,1.000000,0.000000,0.102092,3.170604,0.000000
0.000000,0.000000,0.000000,-1.636740,0.378973,0.000000
0.000000,0.000000,0.000000,-0.340860,-0.471861,0.000000
0.000000,0.000000,0.000000,-0.886991,1.726689,0.000000
0.000000,1.000000,0.000000,1.690227,2.316135,0.000000
0.000000,0.000000,0.000000,-2.120863,-0.186168,0.000000
1.000000,0.000000,1.000000,0.213568,0.122382,1.000000
0.000000,0.000000,0.000000,0.687458,2.757527,0.000000
1.000000,0.000000,0.000000,-1.496100,3.390130,0.000000
0.000000,0.000000,0.000000,-0.869599,0.270914,0.000000
1.000000,1.000000,1.000000,-0.382841,3.570008,0.000000
1.000000,1.000000,0.000000,2.465975,1.968913,0.000000
0.000000,1.000000,1.000000,-0.889881,2.771316,0.000000
1.000000,0.000000,1.000000,-1.690496,3.844282,1.000000
0.000000,0.000000,0.000000,0.976522,1.248530,0.000000
1.000000,0.000000,0.000000,-0.509699,-3.420833,1.000000
1.000000,1.000000,0.000000,1.718209,0.886210,1.000000
0.000000,1.000000,1.000000,-0.212549,4.829507,0.000000
1.000000,1.000000,0.000000,0.642739,2.935099,0.000000
0.000000,1.000000,1.000000,-0.755274,1.369530,1.000000
0.000000,0.000000,0.000000,-0.328617,3.258164,1.000000
0.000000,0.000000,0.000000,-1.184786,-1.403474,0.000000
1.000000,1.000000,0.000000,1.141429,-2.156427,0.000000
1.000000,0.000000,1.000000,-0.021686,1.897135,0.000000
1.000000,1.000000,1.000000,-0.639789,-0.305934,0.000000
1.000000,1.000000,0.000000,2.482591,2.115964,0.000000
0.000000,0.000000,0.000000,0.043851,1.729469,1.000000
0.000000,0.000000,0.000000,0.293339,2.254195,1.000000
1.000000,0.000000,1.000000,-0.920753,-0.016966,0.000000
0.000000,0.000000,0.000000,-0.617585,0.129515,0.000000
1.000000,1.000000,0.000000,0.704455,0.756713,1.000000
1.000000,0.000000,0.000000,-0.200158,2.393393,0.000000
1.000000,0.000000,1.000000,-0.999577,2.003544,0.000000
0.000000,1.000000,0.000000,0.155372,7.844516,0.000000
1.000000,0.000000,1.000000,0.673520,1.075386,0.000000
0.000000,0.000000,1.000000,-0.859059,1.297578,0.000000
1.000000,0.000000,1.000000,-0.694583,3.082330,0.000000
0.000000,0.000000,0.000000,0.516204,-0.078906,0.000000
0.000000,0.000000,0.000000,-1.042653,0.542638,1.000000
1.000000,0.000000,0.000000,0.674261,-0.724692,1.000000
1.000000,0.000000,0.000000,-0.891428,-0.829381,0.000000
1.000000,1.000000,1.000000,0.555279,-0.619369,1.000000
0.000000,0.000000,0.000000,-0.347753,1.093080,0.000000
1.000000,1.000000,0.000000,1.793186,0.735511,1.000000
0.000000,1.000000,1.000000,1.247565,-0.767716,1.000000
0.000000,0.000000,0.000000,-1.109724,0.825493,0.000000
1.000000,0.000000,1.000000,-0.921428,2.289159,0.000000
0.000000,0.000000,1.000000,-1.013294,3.693420,0.000000
1.000000,1.000000,1.000000,-0.157016,2.233308,0.000000
1.000000,1.000000,1.000000,1.895093,-3.230900,1.000000
1.000000,0.000000,0.000000,0.830426,-0.501176,0.000000
1.000000,1.000000,0.000000,-0.041250,3.829754,0.000000
0.000000,0.000000,0.000000,0.053392,-0.357294,0.000000
1.000000,1.000000,1.000000,0.742211,2.251701,0.000000
0.000000,0.000000,1.000000,-2.146677,3.312096,0.000000
1.000000,0.000000,1.000000,0.748001,-0.448290,0.000000
0.000000,1.000000,1.000000,-0.633281,3.662519,0.000000
0.000000,0.000000,0.000000,-0.289680,1.880340,1.000000
0.000000,0.000000,0.000000,-1.588243,-0.184765,0.000000
1.000000,0.000000,0.000000,2.514626,1.036726,0.000000
0.000000,0.000000,0.000000,-2.963629,4.813324,0.000000
0.000000,0.000000,0.000000,1.059238,-0.344293,0.000000
1.000000,0.000000,0.000000,1.161245,-0.956575,1.000000
0.000000,0.000000,0.000000,0.040144,0.228796,0.000000
1.000000,0.000000,0.000000,1.153964,2.212386,0.000000
0.000000,0.000000,0.000000,-2.406523,0.513090,0.000000
0.000000,0.000000,0.000000,-1.192735,2.933104,0.000000
1.000000,0.000000,1.000000,-0.708853,-0.016436,1.000000
1.000000,1.000000,0.000000,0.515990,3.368069,0.000000
1.000000,1.000000,0.000000,1.250882,1.621199,1.000000
1.000000,1.000000,0.000000,0.845695,0.508763,1.000000
0.000000,1.000000,0.000000,-0.671666,2.181527,1.000000
1.000000,1.000000,0.000000,1.088238,3.519007,0.000000
0.000000,0.000000,1.000000,-1.231449,-1.310224,0.000000
0.000000,0.000000,1.000000,-1.591899,0.275103,0.000000
0.000000,1.000000,1.000000,0.226224,3.181383,0.000000
1.000000,1.000000,1.000000,-1.804487,-2.795078,0.000000
0.000000,0.000000,0.000000,-0.501915,-0.063613,1.000000
1.000000,0.000000,0.000000,0.349724,1.682033,0.000000
0.000000,0.000000,1.000000,-2.463821,2.352163,0.000000
0.000000,1.000000,0.000000,0.222226,2.382527,0.000000
0.000000,1.000000,0.000000,-1.419183,2.834178,0.000000
1.000000,1.000000,1.000000,-0.205575,4.469168,0.000000
0.000000,0.000000,1.000000,-1.538918,3.350586,0.000000
0.000000,0.000000,0.000000,-1.152630,2.102628,1.000000
1.000000,0.000000,1.000000,-1.314781,1.964271,0.000000
0.000000,0.000000,0.000000,-0.396758,2.641342,0.000000
0.000000,0.000000,0.000000,0.505404,2.738468,0.000000
0.000000,0.000000,0.000000,-0.714215,-2.066207,1.000000
0.000000,0.000000,0.000000,-1.633800,1.031417,0.000000
1.000000,1.000000,0.000000,0.117074,0.225754,0.000000
0.000000,0.000000,0.000000,0.514644,1.820794,0.000000
0.000000,0.000000,1.000000,-2.379431,0.621780,0.000000
1.000000,0.000000,1.000000,0.302885,-0.715970,1.000000
1.000000,0.000000,1.000000,-0.948634,1.105436,0.000000
1.000000,0.000000,0.000000,1.055357,2.053349,1.000000
1.000000,0.000000,0.000000,-1.658327,-1.268572,1.000000
0.000000,1.000000,1.000000,0.317158,1.783560,0.000000
1.000000,0.000000,0.000000,1.871081,-1.020492,1.000000
0.000000,1.000000,0.000000,0.892867,2.242050,0.000000
1.000000,1.000000,1.000000,-1.282042,2.369915,0.000000
1.000000,0.000000,0.000000,1.032139,1.360436,0.000000
0.000000,0.000000,0.000000,-2.456323,3.824184,0.000000
0.000000,0.000000,0.000000,-0.624479,1.271168,0.000000
0.000000,0.000000,0.000000,-1.351294,1.728223,0.000000
0.000000,0.000000,0.000000,-1.684170,4.995692,0.000000
0.000000,0.000000,1.000000,-1.300094,3.292974,1.000000
0.000000,0.000000,0.000000,1.360651,5.923846,0.000000
0.000000,0.000000,0.000000,-0.453993,0.175670,0.000000
0.000000,0.000000,0.000000,-0.498344,-1.856329,1.000000
0.000000,0.000000,0.000000,0.221976,4.498777,0.000000
0.000000,0.000000,0.000000,-0.006666,2.746399,0.000000
0.000000,0.000000,0.000000,-0.122028,0.286834,0.000000
1.000000,1.000000,0.000000,-0.665463,2.171635,0.000000
0.000000,0.000000,1.000000,-1.348815,0.953786,0.000000
0.000000,0.000000,0.000000,-2.319536,3.364701,0.000000
1.000000,1.000000,1.000000,0.158714,2.244151,0.000000
0.000000,1.000000,1.000000,0.044669,5.321097,0.000000
1.000000,0.000000,0.000000,0.195055,-1.782820,1.000000
0.000000,0.000000,1.000000,-0.145459,5.183774,1.000000
0.000000,0.000000,0.000000,-1.049630,0.581322,0.000000
0.000000,1.000000,1.000000,0.973074,-0.556614,0.000000
1.000000,0.000000,0.000000,0.767402,-0.832332,1.000000
0.000000,0.000000,1.000000,-2.201911,1.493772,0.000000
1.000000,0.000000,0.000000,1.872031,-0.282648,1.000000
1.000000,0.000000,0.000000,1.647084,-2.688414,1.000000
1.000000,0.000000,1.000000,-0.395326,-0.279969,1.000000
0.000000,0.000000,0.000000,0.663705,2.373122,0.000000
0.000000,0.000000,0.000000,0.447060,3.518408,1.000000
1.000000,0.000000,0.000000,-0.267338,-2.696970,1.000000
0.000000,0.000000,1.000000,-0.428290,0.211700,0.000000
0.000000,0.000000,1.000000,-0.932264,2.136977,0.000000
1.000000,0.000000,0.000000,-0.698703,1.637044,0.000000
0.000000,0.000000,0.000000,-0.383316,3.563977,0.000000
1.000000,0.000000,1.000000,0.381758,0.746346,0.000000
1.000000,0.000000,0.000000,0.523468,0.653016,0.000000
1.000000,0.000000,1.000000,1.830996,-0.859960,1.000000
1.000000,0.000000,0.000000,1.562151,1.940285,1.000000
0.000000,0.000000,0.000000,-0.777560,2.492894,0.000000
1.000000,0.000000,0.000000,0.655669,2.058526,1.000000
0.000000,0.000000,0.000000,-2.000527,3.081239,0.000000
1.000000,1.000000,1.000000,0.293346,1.449677,0.000000
0.000000,1.000000,1.000000,1.007488,4.468080,0.000000
0.000000,0.000000,0.000000,0.177347,1.758137,0.000000
1.000000,0.000000,0.000000,-0.150517,0.336666,1.000000
1.000000,0.000000,1.000000,-1.032128,4.204844,0.000000
0.000000,0.000000,0.000000,-1.788230,-0.586098,0.000000
1.000000,0.000000,0.000000,-0.477554,1.812579,0.000000
1.000000,0.000000,1.000000,0.117491,1.260892,1.000000
0.000000,0.000000,0.000000,-1.598089,3.310943,0.000000
0.000000,0.000000,0.000000,0.978481,1.853948,0.000000
0.000000,0.000000,0.000000,0.212658,-2.942985,1.000000
1.000000,0.000000,0.000000,-0.860882,-1.656929,1.000000
1.000000,0.000000,0.000000,1.530426,-3.406084,1.000000
1.000000,1.000000,0.000000,0.665884,-1.428755,1.000000
1.000000,0.000000,1.000000,-1.016921,-0.165156,0.000000
0.000000,0.000000,0.000000,-1.186780,-0.042257,0.000000
1.000000,1.000000,1.000000,-1.048421,-1.828082,1.000000
0.000000,0.000000,0.000000,-1.920853,3.373446,0.000000
1.000000,0.000000,0.000000,0.728240,-1.588465,1.000000
0.000000,0.000000,1.000000,-1.891060,2.043449,0.000000
0.000000,0.000000,0.000000,-1.138634,2.457467,0.000000
0.000000,0.000000,0.000000,-0.491433,2.401185,0.000000
0.000000,0.000000,0.000000,1.071121,3.722467,1.000000
0.000000,0.000000,0.000000,0.857329,5.881023,0.000000
1.000000,0.000000,0.000000,0.839361,1.170549,1.000000
0.000000,0.000000,1.000000,-1.458332,2.380052,0.000000
0.000000,0.000000,0.000000,1.506046,1.039702,0.000000
1.000000,0.000000,0.000000,1.321734,-1.141548,1.000000
0.000000,0.000000,1.000000,-0.442017,1.754394,0.000000
1.000000,1.000000,0.000000,2.003441,3.053655,1.000000
1.000000,1.000000,0.000000,3.056885,1.205841,1.000000
0.000000,0.000000,0.000000,-0.178471,0.531890,0.000000
0.000000,1.000000,0.000000,0.760084,-0.313698,1.000000
1.000000,0.000000,0.000000,0.776534,-2.070132,1.000000
0.000000,0.000000,0.000000,-1.192943,0.090084,0.000000
1.000000,1.000000,0.000000,1.876550,1.103153,1.000000
1.000000,0.000000,0.000000,-1.783821,0.269591,1.000000
0.000000,0.000000,0.000000,-2.476687,3.622642,0.000000
0.000000,0.000000,0.000000,0.188402,0.273350,0.000000
1.000000,0.000000,0.000000,1.185840,-2.192870,1.000000
0.000000,1.000000,0.000000,1.083056,5.335785,0.000000
1.000000,0.000000,1.000000,-0.356570,-0.170208,0.000000
1.000000,0.000000,0.000000,-0.733177,0.798619,1.000000
0.000000,0.000000,0.000000,0.003906,0.856460,1.000000
1.000000,0.000000,1.000000,-0.625866,0.731042,1.000000
0.000000,0.000000,0.000000,-0.428789,4.595362,0.000000
1.000000,0.000000,0.000000,0.478063,1.572995,1.000000
1.000000,0.000000,0.000000,-0.010684,-1.076246,1.000000
1.000000,1.000000,1.000000,0.664243,-0.634640,0.000000
0.000000,1.000000,1.000000,-1.140315,3.802172,0.000000
1.000000,1.000000,1.000000,-1.425975,0.856604,0.000000
0.000000,1.000000,1.000000,-0.331887,4.029333,0.000000
1.000000,1.000000,1.000000,0.496271,1.346720,0.000000
0.000000,0.000000,0.000000,-0.436508,0.653149,0.000000
0.000000,0.000000,0.000000,0.362765,4.159467,0.000000
0.000000,0.000000,0.000000,0.410938,0.203611,0.000000
1.000000,0.000000,1.000000,-0.150369,0.610713,0.000000
0.000000,0.000000,1.000000,1.212640,0.975645,0.000000
0.000000,0.000000,0.000000,0.638730,3.913218,0.000000
0.000000,0.000000,0.000000,-1.371089,2.679430,0.000000
0.000000,0.000000,0.000000,0.411494,0.095798,0.000000
1.000000,0.000000,0.000000,0.599958,3.935600,0.000000
0.000000,0.000000,1.000000,-1.402991,0.598152,0.000000
1.000000,1.000000,1.000000,0.246608,3.671881,0.000000
1.000000,1.000000,0.000000,0.886356,-2.264849,1.000000
1.000000,1.000000,1.000000,-0.635751,0.301112,0.000000
1.000000,1.000000,0.000000,1.174903,-0.442368,1.000000
0.000000,0.000000,0.000000,0.516708,3.425918,0.000000
0.000000,0.000000,0.000000,1.068343,1.771680,1.000000
0.000000,0.000000,0.000000,-0.146212,0.059570,0.000000
0.000000,0.000000,0.000000,-1.610115,0.548278,0.000000
1.000000,0.000000,0.000000,0.027373,0.479369,1.000000
0.000000,0.000000,0.000000,-2.118125,3.222178,0.000000
0.000000,1.000000,1.000000,-1.621545,2.488618,0.000000
1.000000,0.000000,0.000000,0.366120,2.380364,1.000000
0.000000,0.000000,0.000000,1.263317,1.998027,0.000000
1.000000,1.000000,0.000000,1.778131,0.450542,1.000000
0.000000,1.000000,1.000000,-1.745269,4.139854,0.000000
0.000000,0.000000,0.000000,-0.307290,2.597279,0.000000
1.000000,0.000000,1.000000,0.282231,4.661995,0.000000
0.000000,0.000000,0.000000,-0.854841,0.834588,1.000000
0.000000,0.000000,0.000000,-1.646889,3.823008,0.000000
1.000000,1.000000,1.000000,0.704640,0.960772,0.000000
0.000000,0.000000,1.000000,-1.797272,2.550074,0.000000
1.000000,0.000000,0.000000,0.673271,-1.963825,0.000000
1.000000,1.000000,0.000000,1.753187,0.077365,0.000000
0.000000,1.000000,1.000000,-1.319105,2.190277,0.000000
0.000000,1.000000,1.000000,-0.068360,4.022992,0.000000
1.000000,0.000000,0.000000,0.598480,-0.163450,1.000000
0.000000,0.000000,0.000000,-2.232476,-1.532724,0.000000
1.000000,1.000000,1.000000,1.043262,1.771843,0.000000
1.000000,0.000000,0.000000,0.900412,3.143606,0.000000
1.000000,0.000000,0.000000,-0.662651,0.437080,0.000000
0.000000,0.000000,0.000000,1.096186,5.256663,0.000000
0.000000,0.000000,0.000000,-0.142448,2.055726,0.000000
1.000000,1.000000,1.000000,-0.249861,0.807820,0.000000
1.000000,1.000000,1.000000,0.796328,-0.626789,1.000000
0.000000,0.000000,1.000000,-2.399850,3.104638,0.000000
0.000000,0.000000,0.000000,-0.751954,2.057815,0.000000
1.000000,0.000000,0.000000,0.035594,0.740748,0.000000
1.000000,0.000000,0.000000,1.179467,-0.740883,1.000000
1.000000,0.000000,1.000000,-1.632739,-0.060803,0.000000
0.000000,0.000000,0.000000,-0.599369,2.635474,0.000000
0.000000,0.000000,0.000000,-0.430668,-3.765117,1.000000
1.000000,0.000000,0.000000,1.198452,-2.366430,1.000000
0.000000,0.000000,1.000000,-2.000600,5.990715,1.000000
1.000000,1.000000,1.000000,0.756606,1.019851,1.000000
1.000000,0.000000,0.000000,0.471094,3.021076,1.000000
1.000000,0.000000,1.000000,0.538528,-0.420301,1.000000
0.000000,1.000000,1.000000,-0.754315,1.154231,0.000000
0.000000,0.000000,0.000000,-0.657091,2.160034,1.000000
1.000000,1.000000,1.000000,0.437762,2.215393,0.000000
1.000000,1.000000,1.000000,-1.037965,3.575698,0.000000
1.000000,1.000000,1.000000,1.173301,-0.932910,1.000000
0.000000,0.000000,1.000000,-2.805185,5.453854,0.000000
0.000000,0.000000,0.000000,-1.873864,-0.364474,0.000000
0.000000,0.000000,0.000000,0.358304,1.633825,0.000000
0.000000,0.000000,1.000000,-1.073625,-0.300674,0.000000
1.000000,1.000000,0.000000,1.580525,1.453056,1.000000
0.000000,0.000000,0.000000,0.366039,0.115763,1.000000
0.000000,0.000000,0.000000,-1.127328,4.420111,0.000000
0.000000,0.000000,0.000000,-0.053801,0.048775,1.000000
0.000000,0.000000,0.000000,0.215556,1.000485,0.000000
1.000000,1.000000,0.000000,0.433873,0.050515,1.000000
0.000000,0.000000,0.000000,0.624507,4.398368,0.000000
0.000000,0.000000,1.000000,-1.682561,3.025513,0.000000
1.000000,0.000000,0.000000,1.189065,1.934120,0.000000
1.000000,1.000000,1.000000,0.136413,-1.245503,1.000000
0.000000,0.000000,1.000000,-1.683961,1.158894,1.000000
1.000000,0.000000,0.000000,0.312373,2.319301,1.000000
0.000000,0.000000,0.000000,1.556312,1.379162,0.000000
0.000000,0.000000,1.000000,-1.740544,1.933008,0.000000
0.000000,0.000000,0.000000,0.086103,0.528723,0.000000
0.000000,0.000000,0.000000,-0.754074,0.701064,0.000000
1.000000,0.000000,1.000000,0.420279,-1.894834,0.000000
1.000000,0.000000,1.000000,2.026260,1.955521,0.000000
0.000000,0.000000,0.000000,0.524186,2.742759,0.000000
1.000000,1.000000,0.000000,1.353022,-0.764800,0.000000
0.000000,0.000000,0.000000,0.328227,4.182885,0.000000
0.000000,0.000000,0.000000,-0.500832,3.381653,0.000000
1.000000,1.000000,1.000000,-0.105217,2.710558,0.000000
1.000000,0.000000,0.000000,0.770816,2.281943,1.000000
0.000000,0.000000,0.000000,-0.821594,2.290055,0.000000
1.000000,0.000000,1.000000,-1.541745,0.668757,0.000000
0.000000,0.000000,1.000000,-1.752792,3.245602,0.000000
0.000000,1.000000,0.000000,-0.168527,0.719010,0.000000
0.000000,0.000000,0.000000,-0.016154,-0.734244,1.000000
1.000000,1.000000,1.000000,0.703997,3.165476,0.000000
0.000000,0.000000,0.000000,-0.585553,2.631851,0.000000
0.000000,0.000000,0.000000,-2.053553,-1.608353,0.000000
1.000000,0.000000,0.000000,0.937563,-2.012789,1.000000
0.000000,0.000000,0.000000,-0.064697,-2.512428,0.000000
0.000000,0.000000,0.000000,-2.923228,2.401163,0.000000
0.000000,0.000000,0.000000,-0.707638,2.273711,0.000000
0.000000,0.000000,0.000000,0.596339,0.134381,0.000000
0.000000,0.000000,1.000000,-3.242192,1.565207,0.000000
0.000000,0.000000,1.000000,-2.310881,2.679737,0.000000
0.000000,0.000000,1.000000,-1.706006,2.839419,0.000000
0.000000,0.000000,1.000000,-1.140902,1.216041,0.000000
1.000000,1.000000,0.000000,1.056561,1.870436,1.000000
1.000000,0.000000,0.000000,1.033343,0.664352,1.000000
1.000000,0.000000,1.000000,-0.677913,1.077849,0.000000
0.000000,0.000000,1.000000,0.349385,2.236613,0.000000
1.000000,0.000000,0.000000,1.163673,-0.545829,1.000000
1.000000,0.000000,1.000000,-1.025019,2.628942,1.000000
1.000000,0.000000,0.000000,0.851802,0.327421,1.000000
1.000000,1.000000,0.000000,1.791493,3.195812,1.000000
0.000000,0.000000,0.000000,-0.518803,0.234119,0.000000
0.000000,0.000000,0.000000,0.093183,1.257848,0.000000
0.000000,0.000000,0.000000,-0.427303,0.146918,1.000000
1.000000,0.000000,1.000000,0.613365,0.835006,0.000000
0.000000,0.000000,1.000000,-1.483370,2.916891,0.000000
0.000000,0.000000,1.000000,-0.497416,0.839966,0.000000
1.000000,0.000000,1.000000,-1.980479,0.457763,0.000000
1.000000,1.000000,0.000000,-0.115059,-3.178992,1.000000
1.000000,1.000000,0.000000,0.902111,1.558099,1.000000
0.000000,1.000000,0.000000,-0.111708,1.533019,0.000000
1.000000,0.000000,0.000000,0.641473,0.650997,1.000000
0.000000,0.000000,1.000000,-1.359597,2.422860,0.000000
1.000000,1.000000,1.000000,-0.795575,3.727860,1.000000
0.000000,0.000000,0.000000,-1.565678,0.908316,1.000000
0.000000,0.000000,0.000000,0.096182,2.719063,0.000000
0.000000,0.000000,1.000000,0.334917,1.035497,0.000000
1.000000,0.000000,0.000000,2.005637,2.673623,0.000000
1.000000,0.000000,0.000000,-0.568045,-0.427039,0.000000
0.000000,0.000000,1.000000,-1.631848,3.706545,0.000000
0.000000,0.000000,1.000000,-2.266727,2.243373,0.000000
0.000000,0.000000,0.000000,0.869586,1.602552,0.000000
0.000000,0.000000,1.000000,-1.455824,2.724253,0.000000
1.000000,0.000000,1.000000,0.198744,2.672740,0.000000
0.000000,0.000000,0.000000,-1.095985,1.543240,0.000000
0.000000,0.000000,0.000000,-0.194340,0.449031,1.000000
1.000000,0.000000,0.000000,-0.086273,2.990732,0.000000
1.000000,1.000000,0.000000,0.843117,3.619372,0.000000
0.000000,0.000000,0.000000,-1.599235,1.598916,0.000000
0.000000,0.000000,0.000000,1.830743,0.686363,1.000000
0.000000,0.000000,0.000000,0.358488,3.142966,0.000000
0.000000,0.000000,0.000000,-1.952975,2.085496,0.000000
1.000000,0.000000,1.000000,-0.161794,1.126535,1.000000
1.000000,0.000000,0.000000,1.401300,1.218888,0.000000
1.000000,0.000000,1.000000,0.198398,-2.175113,0.000000
1.000000,1.000000,1.000000,1.845763,3.068242,0.000000
1.000000,0.000000,0.000000,0.088090,-1.504684,1.000000
1.000000,0.000000,0.000000,-0.677064,-0.652401,1.000000
1.000000,1.000000,1.000000,-0.456535,-0.136633,0.000000
1.000000,0.000000,0.000000,2.186200,-0.135924,1.000000
1.000000,0.000000,0.000000,-1.027095,1.606435,1.000000
0.000000,0.000000,0.000000,-1.175496,3.700928,0.000000
0.000000,0.000000,0.000000,0.170883,4.588931,0.000000
0.000000,0.000000,0.000000,-0.845011,4.963360,0.000000
0.000000,0.000000,0.000000,0.208398,1.754770,0.000000
0.000000,0.000000,1.000000,0.109316,-0.937739,1.000000
0.000000,0.000000,0.000000,-1.498079,4.397640,0.000000
1.000000,1.000000,0.000000,2.151358,1.627113,1.000000
0.000000,0.000000,0.000000,-1.379098,2.715393,0.000000
0.000000,0.000000,0.000000,-0.399251,-1.832437,1.000000
0.000000,0.000000,0.000000,-0.160169,4.924318,0.000000
0.000000,0.000000,0.000000,-0.210736,2.454535,0.000000
0.000000,0.000000,0.000000,0.544721,1.634674,0.000000
1.000000,0.000000,0.000000,0.854179,1.135940,1.000000
0.000000,0.000000,0.000000,-0.565498,3.387648,0.000000
1.000000,0.000000,1.000000,0.890765,0.688212,1.000000
0.000000,1.000000,0.000000,0.513314,2.901482,0.000000
1.000000,0.000000,1.000000,-1.065174,1.316212,0.000000
0.000000,0.000000,0.000000,-0.889844,0.780809,0.000000
1.000000,1.000000,1.000000,-1.448105,0.800692,1.000000
0.000000,1.000000,0.000000,1.338518,2.714502,0.000000
0.000000,0.000000,0.000000,1.553555,4.003941,0.000000
0.000000,0.000000,0.000000,1.206339,2.220005,1.000000
1.000000,1.000000,1.000000,-0.006326,3.612416,0.000000
0.000000,1.000000,0.000000,1.996940,3.694944,0.000000
0.000000,0.000000,1.000000,-1.412137,3.282545,0.000000
0.000000,0.000000,1.000000,-1.713395,-0.303232,0.000000
1.000000,0.000000,0.000000,1.665485,-0.395535,1.000000
1.000000,1.000000,1.000000,-1.872514,2.543986,0.000000
0.000000,0.000000,0.000000,-1.315293,3.798132,0.000000
1.000000,0.000000,1.000000,1.272811,-0.096886,1.000000
0.000000,0.000000,0.000000,0.937748,3.220871,1.000000
1.000000,0.000000,0.000000,1.524384,0.731406,1.000000
1.000000,0.000000,0.000000,0.734112,3.853568,0.000000
1.000000,1.000000,1.000000,0.608974,-0.121131,1.000000
0.000000,0.000000,1.000000,-1.147879,1.597774,0.000000
1.000000,1.000000,0.000000,0.213692,-0.425047,0.000000
0.000000,0.000000,0.000000,-0.464054,-1.426052,0.000000
0.000000,0.000000,0.000000,0.016693,2.910626,0.000000
1.000000,1.000000,1.000000,2.520454,1.022690,1.000000
1.000000,0.000000,1.000000,0.791099,0.213123,1.000000
0.000000,0.000000,1.000000,-0.388664,1.809982,0.000000
0.000000,0.000000,0.000000,1.199291,3.746975,0.000000
0.000000,0.000000,0.000000,-0.865782,0.294235,0.000000
0.000000,1.000000,0.000000,2.207064,2.484654,0.000000
0.000000,0.000000,1.000000,-2.123893,0.618691,0.000000
0.000000,0.000000,1.000000,-1.105649,2.341830,0.000000
1.000000,1.000000,1.000000,-0.508923,1.482233,0.000000
1.000000,0.000000,1.000000,0.521102,-0.664616,1.000000
0.000000,0.000000,1.000000,-1.684320,-0.382538,0.000000
1.000000,1.000000,0.000000,1.780514,4.793806,0.000000
0.000000,0.000000,1.000000,-1.359621,0.484006,0.000000
1.000000,1.000000,1.000000,-0.384421,2.189164,1.000000
1.000000,0.000000,0.000000,0.690965,1.969177,0.000000
0.000000,0.000000,0.000000,-1.033168,0.667510,1.000000
1.000000,1.000000,0.000000,0.569841,1.522276,0.000000
1.000000,0.000000,0.000000,2.064501,2.824722,0.000000
0.000000,0.000000,1.000000,-0.987316,1.788049,0.000000
0.000000,0.000000,1.000000,-0.542997,1.223752,0.000000
0.000000,0.000000,1.000000,-2.308214,1.833743,0.000000
0.000000,0.000000,0.000000,-0.847713,1.092830,0.000000
1.000000,1.000000,1.000000,0.044148,-0.600077,1.000000
0.000000,0.000000,0.000000,0.446008,1.087607,1.000000
1.000000,1.000000,1.000000,1.224328,2.340564,1.000000
0.000000,0.000000,1.000000,-1.297572,2.144131,0.000000
1.000000,0.000000,0.000000,-0.409331,1.673551,0.000000
0.000000,0.000000,1.000000,-0.415207,3.723332,0.000000
0.000000,0.000000,0.000000,0.842080,0.549564,0.000000
0.000000,0.000000,0.000000,-1.643804,4.128172,0.000000
0.000000,0.000000,0.000000,-0.659776,1.063408,0.000000
1.000000,0.000000,0.000000,0.500087,-0.361287,1.000000
0.000000,1.000000,0.000000,2.046165,2.935132,0.000000
0.000000,0.000000,0.000000,-0.084765,4.848085,0.000000
0.000000,1.000000,0.000000,-0.927700,-0.023108,0.000000
0.000000,0.000000,0.000000,-0.448186,4.470278,0.000000
1.000000,0.000000,1.000000,-0.427569,-2.455015,1.000000
1.000000,0.000000,0.000000,0.163813,-1.732703,0.000000
1.000000,0.000000,1.000000,-2.030839,0.552771,0.000000
0.000000,0.000000,0.000000,-0.659024,-3.098439,0.000000
1.000000,0.000000,0.000000,0.534790,2.127455,1.000000
1.000000,1.000000,1.000000,0.399949,1.313745,1.000000
1.000000,0.000000,1.000000,-0.378711,-2.658052,1.000000
1.000000,0.000000,0.000000,0.469136,1.146811,1.000000
0.000000,0.000000,1.000000,0.018584,1.936264,0.000000
1.000000,0.000000,0.000000,2.347294,-1.346389,1.000000
0.000000,0.000000,1.000000,-0.340620,2.337588,0.000000
1.000000,1.000000,0.000000,1.279732,4.072315,0.000000
1.000000,1.000000,1.000000,0.352464,4.135584,0.000000
1.000000,0.000000,0.000000,0.203001,-1.209328,1.000000
1.000000,0.000000,0.000000,0.306154,-3.899770,0.000000
0.000000,0.000000,1.000000,-0.603909,2.680143,0.000000
1.000000,0.000000,0.000000,-0.614967,2.251843,1.000000
0.000000,0.000000,0.000000,-0.323468,3.088926,0.000000
0.000000,0.000000,0.000000,-0.313067,1.305284,0.000000
0.000000,0.000000,0.000000,0.136545,-1.717836,1.000000
0.000000,0.000000,0.000000,0.384227,-1.471102,0.000000
0.000000,0.000000,0.000000,-0.066901,-3.055605,0.000000
1.000000,0.000000,1.000000,-0.827392,4.470378,0.000000
0.000000,0.000000,1.000000,-0.935204,1.569124,0.000000
0.000000,0.000000,0.000000,-0.628381,2.601183,0.000000
1.000000,0.000000,0.000000,-0.721395,-0.314189,0.000000
0.000000,0.000000,0.000000,0.597342,0.693318,0.000000
1.000000,0.000000,1.000000,-0.407420,0.133546,0.000000
1.000000,1.000000,0.000000,2.221368,-0.401323,1.000000
0.000000,0.000000,0.000000,0.091260,0.428162,1.000000
1.000000,0.000000,0.000000,1.761524,-1.478712,1.000000
1.000000,0.000000,1.000000,0.478260,-0.087713,1.000000
0.000000,0.000000,0.000000,-1.481708,2.657464,0.000000
1.000000,0.000000,0.000000,-0.740782,0.844945,1.000000
0.000000,0.000000,0.000000,0.836511,0.142720,1.000000
0.000000,0.000000,1.000000,-2.275653,-0.212644,0.000000
0.000000,0.000000,0.000000,-1.493878,-1.183698,0.000000
1.000000,1.000000,0.000000,1.557966,-1.300457,0.000000
1.000000,0.000000,0.000000,0.042958,2.700285,1.000000
0.000000,0.000000,0.000000,-0.299224,3.812672,0.000000
1.000000,0.000000,0.000000,-0.644465,-3.693819,1.000000
0.000000,0.000000,0.000000,-1.087117,-2.032051,0.000000
1.000000,0.000000,0.000000,1.463433,2.372083,0.000000
0.000000,0.000000,1.000000,-1.526674,2.594140,0.000000
0.000000,0.000000,0.000000,0.855225,0.927585,0.000000
1.000000,1.000000,1.000000,0.356664,3.170677,1.000000
1.000000,0.000000,1.000000,0.948474,1.566517,0.000000
0.000000,0.000000,0.000000,-0.633911,1.742465,0.000000
1.000000,1.000000,1.000000,0.929660,0.219522,0.000000
0.000000,0.000000,0.000000,-0.156507,3.294043,0.000000
0.000000,1.000000,0.000000,0.041815,-0.078890,0.000000
1.000000,1.000000,1.000000,0.641023,0.484216,0.000000
1.000000,0.000000,0.000000,0.721545,-1.035304,1.000000
0.000000,0.000000,0.000000,-0.210119,1.190409,0.000000
0.000000,0.000000,0.000000,-1.491985,0.343007,0.000000
0.000000,0.000000,1.000000,-0.322757,4.990209,0.000000
1.000000,1.000000,0.000000,2.694127,-2.441184,0.000000
0.000000,0.000000,1.000000,-0.991702,2.529683,0.000000
0.000000,0.000000,0.000000,-1.131135,4.894505,1.000000
1.000000,0.000000,1.000000,-1.864972,3.321784,0.000000
1.000000,0.000000,0.000000,0.496245,-0.400908,1.000000
0.000000,0.000000,0.000000,-0.168819,-1.786438,1.000000
0.000000,0.000000,1.000000,-2.426056,0.045304,0.000000
0.000000,0.000000,1.000000,-1.005851,3.035332,0.000000
0.000000,1.000000,1.000000,0.605505,0.772410,0.000000
1.000000,0.000000,0.000000,0.637955,0.921167,0.000000
1.000000,0.000000,0.000000,-1.136438,0.512061,1.000000
1.000000,0.000000,1.000000,-0.671919,5.140562,0.000000
0.000000,0.000000,0.000000,-1.489448,-1.063690,1.000000
1.000000,0.000000,1.000000,-0.741322,6.528451,0.000000
0.000000,0.000000,0.000000,-0.074582,0.179199,0.000000
1.000000,0.000000,0.000000,2.774518,-0.258312,1.000000
1.000000,0.000000,0.000000,-0.948375,0.780131,1.000000
0.000000,0.000000,0.000000,1.229828,4.403660,0.000000
0.000000,0.000000,0.000000,-0.779532,1.715010,0.000000
1.000000,0.000000,0.000000,1.077073,-0.335251,0.000000
1.000000,0.000000,1.000000,-0.047427,2.201687,1.000000
1.000000,1.000000,0.000000,1.142957,-0.537038,1.000000
0.000000,0.000000,0.000000,-0.130520,1.236075,0.000000
0.000000,0.000000,0.000000,0.448310,3.536645,0.000000
1.000000,1.000000,1.000000,0.893181,1.300548,0.000000
0.000000,0.000000,0.000000,-1.432556,-1.654449,0.000000
1.000000,0.000000,0.000000,2.044906,1.540805,0.000000
0.000000,0.000000,0.000000,0.280537,2.721134,0.000000
1.000000,1.000000,0.000000,1.517151,1.263023,1.000000
1.000000,1.000000,0.000000,1.048379,1.666233,0.000000
1.000000,0.000000,0.000000,1.933887,-0.340167,1.000000
1.000000,0.000000,0.000000,0.028640,-1.954628,1.000000
0.000000,0.000000,1.000000,-1.496891,-1.171498,0.000000
0.000000,0.000000,0.000000,-0.262592,4.804106,0.000000
1.000000,1.000000,0.000000,2.136815,-0.654114,0.000000
1.000000,1.000000,0.000000,2.759650,7.087771,0.000000
0.000000,0.000000,1.000000,-0.221735,-0.970274,0.000000
0.000000,0.000000,1.000000,-2.216529,2.361260,0.000000
0.000000,0.000000,0.000000,-0.093468,5.082269,0.000000
0.000000,0.000000,0.000000,-1.022349,1.055395,0.000000
1.000000,0.000000,0.000000,0.038880,0.378925,1.000000
0.000000,0.000000,1.000000,-0.880382,1.975915,0.000000
0.000000,0.000000,0.000000,-1.763932,0.073510,0.000000
0.000000,0.000000,0.000000,0.391967,0.173818,1.000000
0.000000,0.000000,1.000000,-2.644800,1.326882,0.000000
1.000000,0.000000,0.000000,0.601649,-2.153103,0.000000
0.000000,0.000000,0.000000,-0.654003,-1.525813,1.000000
0.000000,0.000000,0.000000,-0.043271,2.304836,0.000000
0.000000,0.000000,0.000000,0.771441,1.666057,0.000000
0.000000,0.000000,0.000000,0.125594,2.560615,0.000000
0.000000,0.000000,0.000000,-0.879938,0.114672,0.000000
1.000000,1.000000,1.000000,-0.958804,3.407170,0.000000
0.000000,0.000000,1.000000,0.187231,1.939941,1.000000
0.000000,0.000000,0.000000,-1.270472,3.050639,0.000000
1.000000,0.000000,0.000000,0.843328,4.801438,0.000000
1.000000,0.000000,0.000000,1.961564,0.599385,1.000000
0.000000,0.000000,0.000000,-1.983950,0.421311,1.000000
0.000000,0.000000,1.000000,-0.950149,2.032237,0.000000
0.000000,1.000000,0.000000,1.088120,2.905926,0.000000
0.000000,0.000000,1.000000,0.100064,3.646285,0.000000
1.000000,0.000000,1.000000,-0.899744,2.427038,0.000000
0.000000,0.000000,1.000000,-2.159214,1.192642,0.000000
0.000000,0.000000,0.000000,-0.618042,0.810387,0.000000
0.000000,0.000000,1.000000,-0.945341,4.315056,0.000000
0.000000,0.000000,1.000000,-1.179372,1.510868,0.000000
0.000000,0.000000,1.000000,-2.025436,0.174595,0.000000
1.000000,0.000000,1.000000,-1.434888,1.248532,0.000000
1.000000,1.000000,0.000000,0.141815,-0.026307,0.000000
1.000000,0.000000,0.000000,-0.525500,-0.515187,0.000000
1.000000,0.000000,1.000000,-1.471991,0.329070,1.000000
0.000000,0.000000,1.000000,-2.828046,1.005153,0.000000
0.000000,1.000000,0.000000,0.013872,4.592905,0.000000
1.000000,0.000000,0.000000,-0.863669,1.191929,0.000000
1.000000,0.000000,1.000000,-0.386021,1.451432,0.000000
0.000000,0.000000,0.000000,0.375029,3.251039,0.000000
0.000000,0.000000,1.000000,-1.586849,2.611964,0.000000
1.000000,1.000000,1.000000,-0.042685,1.402008,0.000000
1.000000,0.000000,0.000000,0.395172,4.557340,1.000000
1.000000,1.000000,1.000000,-0.199146,0.780864,0.000000
0.000000,0.000000,0.000000,1.111162,2.322611,0.000000
1.000000,1.000000,0.000000,1.200643,-0.447729,1.000000
0.000000,0.000000,1.000000,-0.705406,-0.703056,0.000000
0.000000,0.000000,1.000000,-0.302283,2.294298,0.000000
0.000000,0.000000,0.000000,0.592081,2.140182,1.000000
1.000000,1.000000,0.000000,1.221734,4.271045,0.000000
0.000000,1.000000,1.000000,-1.362188,0.717303,0.000000
1.000000,0.000000,0.000000,1.917920,-4.064015,1.000000
0.000000,0.000000,0.000000,-1.971111,0.085915,0.000000
1.000000,0.000000,0.000000,0.092299,-1.309135,0.000000
1.000000,0.000000,0.000000,-1.546474,0.325394,1.000000
1.000000,0.000000,0.000000,0.358681,3.904203,0.000000
0.000000,0.000000,0.000000,-1.599622,2.947843,0.000000
0.000000,0.000000,1.000000,-0.687028,3.289422,0.000000
0.000000,0.000000,1.000000,-1.437364,2.794204,0.000000
1.000000,1.000000,1.000000,0.240238,3.942685,0.000000
0.000000,0.000000,0.000000,0.373783,-0.465417,0.000000
1.000000,0.000000,0.000000,1.238074,1.415780,1.000000
1.000000,0.000000,0.000000,1.280844,-0.985195,0.000000
0.000000,0.000000,0.000000,-1.791538,1.117268,1.000000
0.000000,0.000000,0.000000,-0.148499,0.580174,0.000000
1.000000,1.000000,0.000000,0.897209,-0.434473,0.000000
0.000000,0.000000,0.000000,-0.884218,1.989088,0.000000
0.000000,0.000000,0.000000,-0.384014,3.673635,0.000000
0.000000,0.000000,0.000000,-0.174467,1.620354,0.000000
1.000000,0.000000,0.000000,0.645582,0.825034,0.000000
0.000000,0.000000,0.000000,0.253458,2.604764,0.000000
1.000000,1.000000,1.000000,0.595355,0.787112,0.000000
0.000000,1.000000,0.000000,0.691081,1.541335,0.000000
0.000000,0.000000,0.000000,-0.377559,-2.235998,1.000000
0.000000,1.000000,1.000000,0.163753,3.933270,0.000000
0.000000,0.000000,0.000000,-2.057958,4.278019,0.000000
1.000000,0.000000,0.000000,0.380909,-0.862888,1.000000
0.000000,0.000000,0.000000,0.263405,1.555867,0.000000
1.000000,0.000000,0.000000,-0.163411,1.311531,0.000000
1.000000,1.000000,1.000000,0.372166,1.003889,0.000000
0.000000,0.000000,0.000000,-1.025310,2.121723,0.000000
1.000000,1.000000,0.000000,0.771401,-0.157751,1.000000
0.000000,0.000000,0.000000,-0.293288,0.149397,0.000000
1.000000,1.000000,0.000000,1.820344,1.764920,0.000000
1.000000,0.000000,0.000000,1.483943,2.712129,1.000000
1.000000,0.000000,0.000000,-1.154292,-2.759082,1.000000
1.000000,1.000000,1.000000,0.999146,2.319291,0.000000
1.000000,1.000000,0.000000,0.287347,-0.365573,1.000000
1.000000,0.000000,1.000000,-1.634680,3.325232,0.000000
1.000000,0.000000,1.000000,0.010589,3.553965,1.000000
0.000000,0.000000,0.000000,-0.734568,4.863694,0.000000
0.000000,0.000000,1.000000,-2.092310,1.183787,0.000000
0.000000,1.000000,0.000000,1.900188,-0.026337,0.000000
0.000000,0.000000,0.000000,-0.948560,-2.567861,1.000000
1.000000,0.000000,0.000000,1.751241,-1.833449,1.000000
0.000000,0.000000,0.000000,0.954128,-1.198992,1.000000
0.000000,0.000000,1.000000,-0.758131,1.098127,0.000000
0.000000,0.000000,0.000000,-0.940791,-0.059658,0.000000
1.000000,0.000000,1.000000,1.126453,0.405808,1.000000
1.000000,0.000000,0.000000,1.445522,-0.817254,1.000000
1.000000,0.000000,0.000000,1.179771,2.553439,0.000000
1.000000,1.000000,1.000000,-0.131712,1.435565,0.000000
1.000000,0.000000,0.000000,1.080066,-2.231575,1.000000
0.000000,0.000000,0.000000,-0.431570,3.167778,0.000000
1.000000,1.000000,0.000000,0.618230,2.063185,0.000000
0.000000,0.000000,0.000000,-0.399777,0.006391,1.000000
1.000000,0.000000,0.000000,0.060098,-1.842582,1.000000
0.000000,0.000000,0.000000,0.044330,-2.512881,1.000000
0.000000,0.000000,0.000000,0.466518,1.630938,0.000000
0.000000,0.000000,1.000000,-0.571822,-0.731028,1.000000
0.000000,0.000000,0.000000,0.152132,1.162421,0.000000
0.000000,0.000000,0.000000,-0.832467,2.423944,0.000000
1.000000,1.000000,0.000000,2.638885,1.480507,0.000000
0.000000,0.000000,0.000000,-2.651590,4.378339,0.000000
0.000000,0.000000,1.000000,-1.627485,2.204925,1.000000
0.000000,0.000000,1.000000,-2.084149,1.733978,0.000000
1.000000,0.000000,0.000000,0.799030,0.089797,1.000000
1.000000,1.000000,0.000000,1.242128,-0.313478,0.000000
0.000000,0.000000,0.000000,0.784390,2.731056,1.000000
0.000000,0.000000,0.000000,-0.098563,0.698140,0.000000
1.000000,1.000000,1.000000,-0.438180,0.946299,0.000000
1.000000,1.000000,0.000000,0.913200,1.740306,0.000000
1.000000,0.000000,0.000000,0.530107,1.375087,0.000000
1.000000,0.000000,0.000000,1.096235,-1.412542,1.000000
0.000000,1.000000,0.000000,-0.296051,2.026387,0.000000
0.000000,0.000000,0.000000,0.387510,2.103874,0.000000
1.000000,0.000000,0.000000,1.185689,1.623584,1.000000
0.000000,0.000000,0.000000,-0.913852,2.975099,0.000000
0.000000,0.000000,0.000000,-0.338868,0.667828,0.000000
0.000000,0.000000,0.000000,0.585724,1.341926,1.000000
0.000000,0.000000,0.000000,0.411248,1.373001,0.000000
1.000000,0.000000,0.000000,0.289327,-2.367874,1.000000
1.000000,1.000000,1.000000,0.098197,3.548536,0.000000
0.000000,0.000000,0.000000,1.270198,-0.739470,1.000000
0.000000,0.000000,0.000000,-0.125579,2.066108,0.000000
0.000000,0.000000,1.000000,-0.913665,0.179506,0.000000
1.000000,0.000000,0.000000,1.907830,-1.459990,1.000000
0.000000,0.000000,0.000000,-1.556977,3.421413,0.000000
1.000000,1.000000,1.000000,1.180616,-0.391627,1.000000
0.000000,0.000000,0.000000,0.489843,6.915331,0.000000
0.000000,0.000000,0.000000,-1.050617,1.764218,1.000000
0.000000,0.000000,1.000000,-1.799857,1.086091,0.000000
1.000000,0.000000,0.000000,-1.276018,2.067974,0.000000
0.000000,0.000000,1.000000,-2.600556,1.274263,0.000000
1.000000,0.000000,0.000000,1.669383,2.002593,1.000000
0.000000,0.000000,1.000000,-2.092378,4.517679,0.000000
0.000000,0.000000,0.000000,-1.918951,2.999795,0.000000
1.000000,0.000000,0.000000,1.439812,2.174672,0.000000
1.000000,1.000000,0.000000,-0.450933,4.026069,0.000000
0.000000,0.000000,0.000000,0.720100,2.737775,0.000000
0.000000,0.000000,0.000000,-0.373582,1.089395,0.000000
1.000000,0.000000,1.000000,0.709254,3.279064,0.000000
1.000000,0.000000,0.000000,0.322180,-0.345613,0.000000
0.000000,0.000000,0.000000,-1.813029,1.665967,0.000000
0.000000,0.000000,1.000000,-0.450627,1.388283,0.000000
0.000000,0.000000,0.000000,-1.322433,-1.564044,1.000000
0.000000,0.000000,1.000000,-0.755219,4.539169,0.000000
0.000000,0.000000,0.000000,-0.530214,2.611048,0.000000
1.000000,0.000000,1.000000,-0.451173,3.755036,0.000000
1.000000,1.000000,0.000000,3.162019,2.802167,1.000000
0.000000,0.000000,1.000000,-0.773208,0.589397,0.000000
0.000000,0.000000,0.000000,-0.419114,0.195731,1.000000
1.000000,0.000000,0.000000,1.590679,0.876260,1.000000
0.000000,0.000000,0.000000,1.488087,0.210656,0.000000
0.000000,1.000000,1.000000,-1.378188,2.593510,0.000000
0.000000,1.000000,1.000000,-0.973907,4.946710,0.000000
0.000000,0.000000,1.000000,-0.793696,-1.898699,0.000000
0.000000,0.000000,1.000000,-1.786155,0.002954,0.000000
0.000000,1.000000,0.000000,0.138233,3.052197,0.000000
1.000000,0.000000,0.000000,-0.261814,-2.245011,0.000000
1.000000,1.000000,1.000000,-0.331001,-2.028171,1.000000
0.000000,1.000000,1.000000,0.288449,3.630764,0.000000
1.000000,0.000000,0.000000,-0.578367,-2.883936,1.000000
0.000000,0.000000,1.000000,-1.805867,0.780858,0.000000
0.000000,0.000000,1.000000,-2.124510,3.549820,0.000000
0.000000,0.000000,0.000000,-1.127615,0.466334,1.000000
0.000000,0.000000,0.000000,-1.227765,1.706389,0.000000
0.000000,0.000000,0.000000,0.296760,3.313166,0.000000
0.000000,1.000000,0.000000,1.178206,0.628637,1.000000
1.000000,1.000000,0.000000,2.606900,2.072335,0.000000
0.000000,0.000000,0.000000,-0.203241,-0.248193,1.000000
0.000000,0.000000,0.000000,-0.560980,1.884362,0.000000
0.000000,0.000000,1.000000,-1.022858,-0.403541,0.000000
1.000000,0.000000,0.000000,0.007150,3.723326,0.000000
1.000000,1.000000,1.000000,-0.194910,0.705877,0.000000
1.000000,0.000000,0.000000,0.473114,1.424133,0.000000
1.000000,0.000000,0.000000,-0.159267,-1.149667,1.000000
1.000000,0.000000,0.000000,0.610769,3.484071,0.000000
0.000000,0.000000,1.000000,-2.493592,3.184220,0.000000
1.000000,1.000000,1.000000,0.216694,-0.081555,1.000000
0.000000,0.000000,0.000000,-1.135645,0.726137,0.000000
1.000000,1.000000,0.000000,0.727826,0.778650,1.000000
1.000000,1.000000,0.000000,0.963990,2.748841,0.000000
0.000000,0.000000,0.000000,0.502103,2.788262,0.000000
0.000000,1.000000,0.000000,-0.895005,2.480504,0.000000
1.000000,0.000000,0.000000,1.440256,2.644769,0.000000
1.000000,0.000000,1.000000,0.804319,2.524272,0.000000
0.000000,0.000000,0.000000,-2.337343,4.972910,0.000000
1.000000,0.000000,0.000000,1.235267,-1.256089,1.000000
0.000000,0.000000,0.000000,-0.898123,5.168182,0.000000
0.000000,0.000000,0.000000,-1.761177,1.577677,0.000000
0.000000,0.000000,1.000000,-1.938532,0.918281,0.000000
1.000000,0.000000,0.000000,0.391819,-1.121258,1.000000
1.000000,0.000000,0.000000,-0.831919,-1.414403,1.000000
0.000000,0.000000,0.000000,0.261845,3.408868,0.000000
0.000000,0.000000,1.000000,-0.443961,0.986870,0.000000
0.000000,0.000000,0.000000,-1.463274,1.800049,0.000000
1.000000,1.000000,0.000000,-0.051121,1.121881,0.000000
0.000000,0.000000,1.000000,-0.661728,0.860950,0.000000
0.000000,1.000000,0.000000,1.080554,5.780838,0.000000
1.000000,0.000000,0.000000,0.698111,-1.122152,1.000000
0.000000,0.000000,0.000000,-1.057969,1.602690,0.000000
0.000000,0.000000,0.000000,0.818153,0.203353,0.000000
1.000000,1.000000,1.000000,-1.132199,1.620428,0.000000
0.000000,0.000000,1.000000,-1.770028,4.454938,0.000000
0.000000,0.000000,1.000000,-0.886690,2.814957,0.000000
1.000000,0.000000,0.000000,0.630141,0.854305,1.000000
0.000000,0.000000,1.000000,-2.521362,0.587355,0.000000
0.000000,1.000000,0.000000,0.306372,2.048237,0.000000
0.000000,1.000000,1.000000,-0.464418,1.285479,0.000000
0.000000,0.000000,1.000000,-0.587744,-0.879344,1.000000
1.000000,0.000000,0.000000,1.488110,-1.784701,1.000000
1.000000,0.000000,1.000000,-0.893728,-1.007929,0.000000
1.000000,0.000000,1.000000,-0.722613,2.561417,0.000000
0.000000,1.000000,0.000000,-0.735810,2.956346,0.000000
1.000000,1.000000,0.000000,0.990389,-0.885985,1.000000
1.000000,0.000000,0.000000,1.165522,-4.195773,1.000000
0.000000,0.000000,0.000000,-0.629173,-2.691014,1.000000
0.000000,1.000000,1.000000,0.365618,4.305354,0.000000
1.000000,0.000000,1.000000,-0.729507,-0.658521,0.000000
0.000000,0.000000,1.000000,-0.298754,-0.071057,0.000000
1.000000,0.000000,0.000000,1.686969,2.076407,1.000000
1.000000,0.000000,1.000000,0.359292,0.517577,0.000000
0.000000,0.000000,0.000000,1.004166,2.072399,0.000000
0.000000,0.000000,0.000000,-0.685450,-0.274190,1.000000
0.000000,0.000000,1.000000,-1.675483,4.102641,0.000000
0.000000,0.000000,1.000000,-1.968006,1.523769,0.000000
1.000000,0.000000,0.000000,0.229128,-0.534679,0.000000
0.000000,0.000000,1.000000,-1.232052,3.322375,0.000000
0.000000,0.000000,1.000000,-1.242005,0.141064,1.000000
0.000000,1.000000,0.000000,0.147570,0.250292,0.000000
0.000000,0.000000,0.000000,0.698702,-1.373432,1.000000
1.000000,0.000000,0.000000,0.266338,-3.582360,1.000000
1.000000,1.000000,0.000000,0.433283,-1.179116,0.000000
0.000000,0.000000,0.000000,0.072533,3.250457,1.000000
0.000000,1.000000,0.000000,0.264474,4.367034,0.000000
0.000000,0.000000,0.000000,-0.325685,1.572827,0.000000
0.000000,0.000000,0.000000,-0.500639,1.493534,0.000000
0.000000,0.000000,1.000000,-1.249914,1.137323,0.000000
0.000000,1.000000,1.000000,0.607487,1.028305,1.000000
1.000000,0.000000,1.000000,-0.409808,1.900538,0.000000
0.000000,0.000000,0.000000,0.294736,-2.525866,0.000000
0.000000,0.000000,0.000000,0.107352,-0.953046,1.000000
1.000000,0.000000,0.000000,-1.064309,3.019202,1.000000
0.000000,0.000000,1.000000,-1.821882,1.709565,0.000000
1.000000,0.000000,1.000000,0.717839,-0.417488,1.000000
0.000000,0.000000,0.000000,-0.163582,1.529256,0.000000
0.000000,0.000000,0.000000,0.464063,4.384452,0.000000
0.000000,1.000000,1.000000,-0.988024,1.882716,0.000000
1.000000,0.000000,0.000000,0.039126,2.993331,0.000000
0.000000,0.000000,0.000000,-0.867376,-0.730742,1.000000
0.000000,1.000000,0.000000,1.052745,2.247137,0.000000
1.000000,0.000000,0.000000,1.049514,0.341487,0.000000
1.000000,1.000000,1.000000,-1.032264,-1.489922,0.000000
0.000000,0.000000,0.000000,-1.068708,1.539554,0.000000
1.000000,0.000000,0.000000,0.677208,1.489729,0.000000
0.000000,0.000000,0.000000,0.268839,3.307476,0.000000
0.000000,0.000000,0.000000,1.127785,4.383450,0.000000
0.000000,0.000000,1.000000,-1.849788,-1.476991,0.000000
0.000000,0.000000,0.000000,-2.216231,-0.324693,0.000000
1.000000,0.000000,0.000000,-0.800550,2.697599,0.000000
0.000000,0.000000,1.000000,-2.200883,0.095695,1.000000
0.000000,0.000000,1.000000,-0.978896,4.541868,0.000000
0.000000,0.000000,0.000000,-0.466763,2.934394,0.000000
0.000000,0.000000,0.000000,-1.583668,2.818706,0.000000
0.000000,0.000000,1.000000,-1.120262,3.260575,0.000000
0.000000,1.000000,0.000000,-0.444638,2.561151,0.000000
1.000000,0.000000,0.000000,-0.699198,-1.689931,1.000000
1.000000,0.000000,0.000000,-0.245598,2.938865,1.000000
0.000000,0.000000,1.000000,-1.431151,0.081650,0.000000
1.000000,0.000000,0.000000,0.144993,-0.298972,1.000000
0.000000,0.000000,0.000000,0.157827,0.212567,1.000000
1.000000,0.000000,0.000000,0.746311,-0.819715,1.000000
0.000000,0.000000,0.000000,0.247675,-1.697749,0.000000
0.000000,0.000000,0.000000,0.097257,2.383914,0.000000
1.000000,0.000000,0.000000,1.123338,-1.475327,1.000000
1.000000,1.000000,0.000000,1.789849,-0.275868,1.000000
0.000000,0.000000,0.000000,-0.365493,2.896645,1.000000
1.000000,1.000000,1.000000,-0.152259,4.132189,0.000000
1.000000,0.000000,0.000000,0.514005,-1.183104,1.000000
1.000000,0.000000,0.000000,0.580048,2.054462,1.000000
1.000000,0.000000,0.000000,0.711903,1.430928,0.000000
0.000000,1.000000,0.000000,1.523265,-0.266350,0.000000
0.000000,0.000000,0.000000,-0.638139,1.233888,0.000000
0.000000,1.000000,1.000000,-1.183727,3.818127,0.000000
0.000000,0.000000,1.000000,-0.038708,1.825684,0.000000
1.000000,0.000000,1.000000,1.084909,-2.104526,1.000000
1.000000,0.000000,1.000000,-0.426461,-1.483175,0.000000
1.000000,1.000000,0.000000,1.672879,-2.300134,1.000000
0.000000,0.000000,0.000000,0.458596,-0.130000,0.000000
0.000000,0.000000,0.000000,-0.693561,5.512790,0.000000
1.000000,0.000000,1.000000,-0.052601,0.370314,1.000000
0.000000,0.000000,1.000000,-1.885780,0.187173,0.000000
0.000000,0.000000,0.000000,-0.049742,1.145157,0.000000
0.000000,0.000000,0.000000,-1.091654,0.005765,1.000000
1.000000,0.000000,1.000000,-0.741804,2.641736,0.000000
0.000000,0.000000,0.000000,0.253485,3.497152,0.000000
0.000000,0.000000,0.000000,0.918675,3.993567,0.000000
0.000000,0.000000,1.000000,-2.238162,-0.646456,0.000000
1.000000,0.000000,0.000000,0.465781,-2.054616,1.000000
1.000000,0.000000,0.000000,1.355442,-0.205010,1.000000
0.000000,0.000000,0.000000,-0.282963,5.503800,0.000000
1.000000,0.000000,1.000000,-0.794991,1.658943,0.000000
0.000000,0.000000,1.000000,-1.327178,-0.397001,0.000000
0.000000,0.000000,0.000000,-0.963526,4.748728,0.000000
0.000000,0.000000,0.000000,-0.212435,0.733615,0.000000
1.000000,0.000000,1.000000,-0.714303,1.829603,0.000000
0.000000,1.000000,1.000000,0.034926,4.930533,0.000000
1.000000,1.000000,0.000000,1.662373,-1.267678,1.000000
1.000000,1.000000,1.000000,-1.433641,-2.050191,0.000000
0.000000,1.000000,1.000000,1.364404,3.942799,0.000000
0.000000,0.000000,0.000000,0.236796,1.968177,0.000000
1.000000,0.000000,1.000000,0.035255,-0.060795,0.000000
0.000000,0.000000,0.000000,0.113629,-0.597659,0.000000
0.000000,1.000000,0.000000,0.570950,0.644247,0.000000
1.000000,0.000000,1.000000,0.480072,-0.430528,1.000000
0.000000,0.000000,0.000000,-1.770115,1.440074,0.000000
0.000000,0.000000,1.000000,-3.165941,2.333856,0.000000
0.000000,0.000000,0.000000,-0.142074,2.724695,1.000000
1.000000,0.000000,0.000000,0.600660,-1.287045,1.000000
0.000000,1.000000,1.000000,0.115704,2.294566,0.000000
0.000000,0.000000,1.000000,-2.334267,1.240669,0.000000
1.000000,0.000000,0.000000,-0.518036,-2.391432,1.000000
1.000000,1.000000,0.000000,1.886942,1.141110,0.000000
0.000000,0.000000,1.000000,-1.678921,-1.218107,0.000000
1.000000,0.000000,0.000000,-0.142865,-1.487864,1.000000
0.000000,0.000000,0.000000,0.940290,-0.780288,0.000000
1.000000,0.000000,1.000000,0.976151,-1.435802,1.000000
0.000000,0.000000,0.000000,-0.729927,0.570687,0.000000
0.000000,0.000000,1.000000,-1.339778,0.258198,0.000000
0.000000,0.000000,1.000000,-1.550944,1.556917,0.000000
1.000000,0.000000,0.000000,0.443022,-1.098031,0.000000
1.000000,0.000000,0.000000,1.236268,0.844012,0.000000
1.000000,1.000000,1.000000,-0.527986,1.950233,0.000000
1.000000,0.000000,0.000000,0.189313,-0.010265,0.000000
0.000000,0.000000,0.000000,-0.322093,1.658267,1.000000
1.000000,1.000000,0.000000,1.248571,-0.111413,1.000000
1.000000,0.000000,1.000000,1.578507,1.085945,1.000000
0.000000,1.000000,0.000000,1.346159,0.693644,0.000000
0.000000,0.000000,0.000000,-0.747107,3.991503,0.000000
1.000000,0.000000,1.000000,0.130717,1.865935,0.000000
0.000000,0.000000,0.000000,-1.398185,-1.334729,0.000000
0.000000,0.000000,0.000000,0.010523,0.171942,0.000000
1.000000,0.000000,1.000000,0.061275,-2.613762,1.000000
1.000000,1.000000,0.000000,0.852393,2.354706,0.000000
0.000000,0.000000,0.000000,0.577503,4.176755,0.000000
0.000000,0.000000,1.000000,-3.530085,4.582352,0.000000
1.000000,0.000000,1.000000,-0.764518,1.748523,0.000000
0.000000,0.000000,0.000000,-0.254184,1.947772,1.000000
0.000000,0.000000,0.000000,1.994956,2.767419,0.000000
0.000000,1.000000,0.000000,1.280649,2.337805,0.000000
0.000000,0.000000,0.000000,-0.475288,0.335092,0.000000
1.000000,0.000000,0.000000,0.219939,3.639640,0.000000
1.000000,0.000000,0.000000,0.241936,0.980357,0.000000
0.000000,0.000000,0.000000,1.166109,3.177730,0.000000
1.000000,0.000000,1.000000,-0.696430,-0.108807,1.000000
1.000000,1.000000,0.000000,0.807415,1.177776,1.000000
1.000000,1.000000,0.000000,0.209045,-0.487327,1.000000
1.000000,1.000000,0.000000,0.956078,0.838823,1.000000
0.000000,0.000000,0.000000,0.074670,1.299681,1.000000
1.000000,0.000000,0.000000,1.376655,1.461167,1.000000
1.000000,1.000000,1.000000,0.585081,-0.597787,1.000000
1.000000,0.000000,0.000000,1.018749,0.934285,1.000000
0.000000,0.000000,0.000000,-0.410823,0.830512,1.000000
0.000000,0.000000,0.000000,-1.554641,0.115856,0.000000
1.000000,0.000000,0.000000,0.185814,3.691428,0.000000
1.000000,0.000000,0.000000,0.242910,1.107002,1.000000
1.000000,1.000000,1.000000,-0.927613,-2.011881,1.000000
0.000000,0.000000,0.000000,0.922114,2.212673,0.000000
0.000000,1.000000,1.000000,-1.037762,5.496846,0.000000
1.000000,0.000000,0.000000,-1.069315,-1.982753,1.000000
0.000000,0.000000,0.000000,-0.427902,-1.128837,1.000000
0.000000,0.000000,0.000000,-0.229867,2.208584,0.000000
0.000000,0.000000,1.000000,-2.083913,1.206474,0.000000
1.000000,0.000000,1.000000,-0.157651,3.415488,0.000000
1.000000,0.000000,0.000000,1.085857,-1.300355,1.000000
0.000000,0.000000,1.000000,-0.784641,1.124391,0.000000
0.000000,0.000000,1.000000,-1.911476,2.968825,0.000000
1.000000,0.000000,0.000000,-0.120207,-0.564270,0.000000
1.000000,1.000000,1.000000,0.354260,1.983135,0.000000
1.000000,0.000000,0.000000,-0.542736,-0.092662,0.000000
0.000000,0.000000,0.000000,-0.586446,2.327408,0.000000
0.000000,0.000000,1.000000,0.333968,-1.460586,0.000000
1.000000,0.000000,0.000000,-0.047368,-0.671979,1.000000
1.000000,0.000000,1.000000,-1.816400,-0.388273,0.000000
0.000000,0.000000,0.000000,0.849937,1.553170,1.000000
1.000000,0.000000,0.000000,2.734688,-0.410963,0.000000
0.000000,0.000000,0.000000,0.433286,3.507934,0.000000
0.000000,0.000000,1.000000,-2.912554,2.389340,0.000000
0.000000,0.000000,0.000000,-2.373304,2.144775,0.000000
0.000000,0.000000,0.000000,-0.776700,-0.096822,1.000000
0.000000,0.000000,0.000000,-0.375922,1.210254,0.000000
0.000000,0.000000,1.000000,-2.740965,3.018504,0.000000
0.000000,0.000000,0.000000,1.118989,0.516857,0.000000
1.000000,0.000000,0.000000,0.946121,-2.258786,1.000000
0.000000,0.000000,0.000000,-0.638224,1.654714,0.000000
0.000000,0.000000,0.000000,-0.346783,0.021783,0.000000
1.000000,0.000000,0.000000,0.042620,-2.198317,1.000000
1.000000,1.000000,1.000000,-1.193222,3.452089,0.000000
1.000000,1.000000,1.000000,0.433100,-0.997806,0.000000
0.000000,1.000000,1.000000,-2.391075,1.720619,0.000000
0.000000,0.000000,0.000000,0.156025,0.960801,0.000000
1.000000,1.000000,0.000000,0.739687,1.179804,0.000000
1.000000,0.000000,1.000000,0.876751,0.853362,0.000000
0.000000,0.000000,1.000000,-1.187734,3.616022,0.000000
1.000000,0.000000,0.000000,0.832389,-1.237821,1.000000
0.000000,0.000000,0.000000,0.148079,0.757092,1.000000
1.000000,0.000000,1.000000,-1.887759,-2.453901,1.000000
1.000000,0.000000,1.000000,-1.232661,3.456084,0.000000
0.000000,0.000000,0.000000,-1.163025,0.254447,1.000000
0.000000,0.000000,1.000000,-1.056728,0.245514,1.000000
0.000000,0.000000,0.000000,-0.286822,-0.924311,1.000000
1.000000,1.000000,0.000000,-0.035020,0.268670,1.000000
1.000000,0.000000,0.000000,0.324329,2.107138,1.000000
0.000000,0.000000,0.000000,0.165955,-0.603895,0.000000
0.000000,0.000000,0.000000,0.521170,2.054471,0.000000
0.000000,0.000000,0.000000,-0.848787,3.297859,1.000000
0.000000,0.000000,0.000000,-0.343577,5.088402,0.000000
0.000000,0.000000,1.000000,-1.723602,2.196219,0.000000
1.000000,0.000000,0.000000,0.603648,-1.526046,1.000000
1.000000,0.000000,0.000000,0.310054,-0.785473,1.000000
0.000000,0.000000,0.000000,-1.175670,1.065765,0.000000
1.000000,1.000000,1.000000,0.114338,-2.282395,0.000000
0.000000,0.000000,0.000000,1.174238,2.258434,0.000000
0.000000,1.000000,0.000000,1.455725,1.610738,0.000000
1.000000,1.000000,1.000000,2.779877,3.542811,1.000000
0.000000,0.000000,0.000000,-1.141336,1.509412,0.000000
1.000000,0.000000,0.000000,-0.012712,2.324980,1.000000
0.000000,0.000000,0.000000,-0.727106,4.054380,0.000000
1.000000,0.000000,1.000000,-0.209173,0.219727,1.000000
1.000000,0.000000,1.000000,-2.571675,-0.620339,0.000000
0.000000,0.000000,0.000000,1.122475,1.584294,0.000000
1.000000,0.000000,0.000000,1.044688,-0.655063,1.000000
0.000000,0.000000,0.000000,-0.016858,-0.884415,0.000000
0.000000,0.000000,0.000000,-0.288313,-0.991133,1.000000
1.000000,0.000000,1.000000,1.320015,-0.552414,1.000000
0.000000,1.000000,1.000000,0.264712,3.593957,0.000000
0.000000,1.000000,1.000000,0.013943,-1.362730,0.000000
1.000000,0.000000,0.000000,1.545674,0.980989,1.000000
1.000000,1.000000,1.000000,-1.071784,1.574710,0.000000
0.000000,0.000000,1.000000,-1.152539,1.332885,0.000000
1.000000,0.000000,0.000000,1.325709,1.791897,0.000000
1.000000,0.000000,0.000000,-0.309317,-2.106506,1.000000
0.000000,0.000000,0.000000,2.768729,2.173575,1.000000
0.000000,0.000000,0.000000,-0.445858,6.517332,0.000000
1.000000,0.000000,0.000000,-0.137452,-1.636900,0.000000
0.000000,1.000000,0.000000,0.597190,-0.122116,0.000000
0.000000,0.000000,1.000000,0.526160,5.784442,0.000000
0.000000,0.000000,0.000000,-0.018744,-0.444092,0.000000
1.000000,1.000000,1.000000,0.454816,2.345282,0.000000
0.000000,1.000000,1.000000,0.809650,2.162856,0.000000
