0.000000,0.000000,0.000000,-0.112320,0.490266,0.000000
0.000000,0.000000,0.000000,-0.410703,4.368651,0.000000
1.000000,0.000000,0.000000,1.290034,0.687305,1.000000
0.000000,0.000000,0.000000,-1.275185,-0.561957,0.000000
0.000000,0.000000,0.000000,-0.094537,0.778864,1.000000
0.000000,0.000000,1.000000,0.186462,0.863036,1.000000
1.000000,0.000000,0.000000,0.516382,4.515818,0.000000
0.000000,0.000000,1.000000,-0.207942,-1.064374,0.000000
1.000000,1.000000,1.000000,1.073422,3.703871,0.000000
1.000000,0.000000,1.000000,-1.890990,-0.053556,0.000000
0.000000,0.000000,0.000000,0.481241,-3.095892,1.000000
1.000000,0.000000,0.000000,1.477905,2.935723,0.000000
1.000000,0.000000,0.000000,-0.968438,2.299741,1.000000
0.000000,0.000000,0.000000,0.231210,1.161899,0.000000
0.000000,0.000000,1.000000,-0.090530,1.479386,0.000000
0.000000,1.000000,0.000000,2.847325,1.332529,1.000000
0.000000,0.000000,0.000000,0.345169,1.047275,0.000000
0.000000,0.000000,0.000000,0.114957,0.465629,0.000000
1.000000,1.000000,1.000000,-0.367675,1.774937,0.000000
1.000000,0.000000,0.000000,-0.759435,0.273020,1.000000
0.000000,0.000000,0.000000,-0.882816,-0.682276,0.000000
0.000000,0.000000,1.000000,-3.187052,0.724733,0.000000
1.000000,1.000000,1.000000,0.606255,1.956401,0.000000
0.000000,0.000000,0.000000,0.097221,1.157856,1.000000
0.000000,0.000000,0.000000,-0.829639,3.892518,0.000000
0.000000,0.000000,0.000000,-0.270887,-0.337535,0.000000
0.000000,0.000000,0.000000,-0.537679,1.414333,1.000000
1.000000,1.000000,0.000000,1.960708,-0.271433,0.000000
0.000000,0.000000,1.000000,-1.793472,-0.686459,0.000000
0.000000,0.000000,1.000000,0.097139,2.701674,0.000000
0.000000,0.000000,0.000000,-0.242798,2.567596,0.000000
1.000000,1.000000,0.000000,-0.120384,2.005205,0.000000
1.000000,1.000000,0.000000,3.760979,-1.720089,1.000000
0.000000,0.000000,0.000000,0.793453,3.139986,0.000000
0.000000,0.000000,0.000000,-1.118682,2.522234,0.000000
1.000000,0.000000,1.000000,-0.506637,3.944948,0.000000
0.000000,0.000000,0.000000,0.973546,-0.728175,0.000000
0.000000,0.000000,1.000000,-2.390813,2.265888,0.000000
0.000000,0.000000,0.000000,-0.482431,-0.150278,1.000000
0.000000,0.000000,0.000000,0.288961,1.649879,0.000000
1.000000,0.000000,0.000000,1.165625,-2.322220,1.000000
1.000000,0.000000,0.000000,1.256402,2.950201,0.000000
1.000000,0.000000,0.000000,0.813441,0.680717,1.000000
0.000000,0.000000,1.000000,-1.760695,-0.586230,0.000000
0.000000,0.000000,1.000000,-2.730668,2.840709,0.000000
1.000000,0.000000,0.000000,1.267004,1.177481,0.000000
1.000000,0.000000,0.000000,0.000587,0.996085,1.000000
0.000000,0.000000,1.000000,-0.989445,-1.797907,0.000000
0.000000,0.000000,1.000000,-2.245306,2.740574,0.000000
1.000000,1.000000,1.000000,-1.000821,1.401553,0.000000
1.000000,1.000000,1.000000,-0.694843,1.919309,0.000000
0.000000,0.000000,1.000000,-0.719374,0.150580,1.000000
0.000000,0.000000,0.000000,0.134110,3.351164,0.000000
0.000000,0.000000,0.000000,1.015960,5.998780,0.000000
1.000000,0.000000,1.000000,-0.013568,2.251419,0.000000
1.000000,0.000000,0.000000,0.152872,3.257895,0.000000
0.000000,0.000000,0.000000,-0.456668,-0.920092,0.000000
0.000000,0.000000,0.000000,0.479234,-0.398019,0.000000
0.000000,1.000000,0.000000,1.025941,0.171132,0.000000
1.000000,1.000000,1.000000,1.863282,3.078746,1.000000
0.000000,0.000000,0.000000,-0.675631,-0.839282,0.000000
1.000000,0.000000,0.000000,0.572162,0.697299,1.000000
0.000000,0.000000,1.000000,-1.154168,1.443309,0.000000
1.000000,0.000000,1.000000,0.807971,3.647466,1.000000
1.000000,1.000000,1.000000,-0.375320,2.385946,0.000000
1.000000,0.000000,0.000000,-2.519349,1.012076,0.000000
1.000000,0.000000,1.000000,-1.876176,-0.223304,0.000000
0.000000,0.000000,0.000000,-1.065143,1.849677,0.000000
0.000000,0.000000,0.000000,0.021579,-0.774489,1.000000
0.000000,0.000000,0.000000,-0.135084,1.327165,0.000000
0.000000,0.000000,1.000000,-1.309129,3.023408,0.000000
1.000000,0.000000,0.000000,0.541483,1.991797,1.000000
0.000000,0.000000,0.000000,0.342738,-1.332155,1.000000
1.000000,0.000000,0.000000,0.901122,-0.269922,1.000000
1.000000,0.000000,0.000000,0.612496,-2.167470,1.000000
0.000000,0.000000,1.000000,-0.680696,3.802052,0.000000
1.000000,0.000000,0.000000,0.396868,3.554683,0.000000
1.000000,0.000000,0.000000,-0.436854,-1.663279,1.000000
0.000000,0.000000,1.000000,-0.813227,1.894896,0.000000
1.000000,0.000000,0.000000,0.588511,-0.995793,0.000000
0.000000,0.000000,0.000000,-1.402382,1.647314,0.000000
0.000000,0.000000,0.000000,0.470560,2.342292,0.000000
0.000000,1.000000,1.000000,-1.253137,4.537214,0.000000
0.000000,0.000000,0.000000,-0.993863,2.604586,0.000000
0.000000,0.000000,1.000000,0.442308,-0.479631,1.000000
0.000000,0.000000,1.000000,-1.789363,3.552287,0.000000
0.000000,1.000000,0.000000,0.840788,1.955488,1.000000
0.000000,0.000000,0.000000,0.558002,-0.930503,1.000000
1.000000,1.000000,1.000000,0.153248,1.516445,0.000000
1.000000,0.000000,1.000000,0.521574,1.544450,1.000000
0.000000,0.000000,1.000000,-1.303844,1.892349,0.000000
0.000000,0.000000,1.000000,-1.792236,3.703754,0.000000
0.000000,0.000000,0.000000,0.098374,2.048513,1.000000
0.000000,0.000000,0.000000,0.312388,-2.355873,0.000000
0.000000,1.000000,0.000000,0.109169,1.603815,0.000000
0.000000,0.000000,1.000000,-0.377505,-0.852495,0.000000
1.000000,0.000000,0.000000,0.969807,1.238464,1.000000
1.000000,1.000000,0.000000,0.453970,2.050105,1.000000
0.000000,0.000000,0.000000,0.264209,2.019113,0.000000
0.000000,0.000000,0.000000,1.233414,1.807729,0.000000
0.000000,0.000000,0.000000,-0.426617,2.537951,0.000000
1.000000,1.000000,0.000000,1.165419,1.676675,1.000000
1.000000,0.000000,1.000000,-1.455988,1.740672,0.000000
1.000000,0.000000,0.000000,2.109677,2.144876,1.000000
0.000000,0.000000,1.000000,-0.531800,4.102214,0.000000
0.000000,0.000000,0.000000,0.300105,0.844571,0.000000
0.000000,0.000000,1.000000,-0.699118,0.874359,0.000000
0.000000,0.000000,0.000000,1.013257,1.143593,0.000000
0.000000,1.000000,0.000000,-0.629067,3.695987,0.000000
0.000000,0.000000,1.000000,-2.243306,3.764338,0.000000
0.000000,0.000000,0.000000,0.662240,-0.367408,1.000000
0.000000,0.000000,0.000000,-0.876018,-0.869626,0.000000
1.000000,0.000000,0.000000,0.951911,0.863916,0.000000
0.000000,0.000000,1.000000,-2.865560,0.123002,0.000000
1.000000,1.000000,1.000000,-0.291082,1.158545,0.000000
1.000000,1.000000,0.000000,-0.316999,0.552597,0.000000
0.000000,0.000000,0.000000,-0.795744,-2.520794,1.000000
0.000000,1.000000,1.000000,-0.254667,0.795234,0.000000
0.000000,0.000000,1.000000,-0.276309,0.226887,0.000000
0.000000,0.000000,0.000000,-0.405215,-0.005111,0.000000
0.000000,0.000000,1.000000,-1.261253,3.140817,0.000000
0.000000,0.000000,0.000000,-0.653354,2.288236,0.000000
1.000000,0.000000,0.000000,1.367775,-1.393556,1.000000
0.000000,0.000000,0.000000,0.376309,-0.358396,0.000000
1.000000,0.000000,0.000000,0.010363,0.159197,0.000000
1.000000,0.000000,0.000000,-0.189937,0.020803,0.000000
0.000000,0.000000,1.000000,-1.263975,0.404069,0.000000
0.000000,0.000000,0.000000,-0.282782,-0.291892,0.000000
0.000000,0.000000,1.000000,-0.803017,3.997317,0.000000
0.000000,1.000000,0.000000,0.431991,3.355907,0.000000
0.000000,0.000000,0.000000,-0.387378,2.394055,0.000000
0.000000,0.000000,0.000000,-1.018488,1.644334,0.000000
0.000000,0.000000,0.000000,-1.541259,3.003219,1.000000
1.000000,0.000000,1.000000,0.974416,-0.721028,0.000000
0.000000,0.000000,0.000000,-0.870458,-2.245453,0.000000
0.000000,0.000000,0.000000,-2.141664,4.009524,1.000000
0.000000,0.000000,0.000000,-0.380673,2.848483,0.000000
0.000000,0.000000,1.000000,-0.911486,1.780851,1.000000
0.000000,0.000000,0.000000,-0.574210,-1.267829,0.000000
0.000000,0.000000,0.000000,0.999816,0.051851,1.000000
0.000000,0.000000,0.000000,0.520426,0.279197,0.000000
1.000000,0.000000,0.000000,1.628524,1.622808,1.000000
0.000000,0.000000,1.000000,-2.435149,0.153575,0.000000
0.000000,0.000000,0.000000,-0.731167,4.239525,0.000000
0.000000,0.000000,1.000000,-1.155498,0.339658,0.000000
1.000000,1.000000,1.000000,-0.278863,3.133335,0.000000
1.000000,0.000000,0.000000,0.188772,-0.808193,0.000000
1.000000,1.000000,1.000000,1.924775,2.998503,0.000000
1.000000,0.000000,0.000000,0.063671,-0.088061,0.000000
1.000000,0.000000,0.000000,0.506623,-1.004245,0.000000
0.000000,0.000000,0.000000,0.901277,1.198688,1.000000
1.000000,0.000000,0.000000,1.209760,2.106368,0.000000
1.000000,0.000000,0.000000,1.428066,-3.384090,1.000000
1.000000,0.000000,0.000000,0.413297,2.529387,1.000000
1.000000,1.000000,0.000000,1.201929,1.116674,0.000000
0.000000,0.000000,0.000000,-2.510001,2.193482,0.000000
0.000000,0.000000,0.000000,-0.041212,3.423585,0.000000
1.000000,0.000000,0.000000,-0.376260,-1.748619,0.000000
1.000000,0.000000,0.000000,1.079135,-2.188199,1.000000
0.000000,0.000000,0.000000,-0.410563,-1.002823,0.000000
0.000000,0.000000,1.000000,-0.861243,0.949310,0.000000
0.000000,0.000000,1.000000,-1.754122,1.857203,0.000000
0.000000,0.000000,1.000000,-1.846634,1.767746,0.000000
0.000000,0.000000,1.000000,-2.984094,0.430517,0.000000
1.000000,0.000000,0.000000,-1.302472,-1.185112,1.000000
0.000000,0.000000,1.000000,-0.372963,3.348901,0.000000
1.000000,0.000000,0.000000,1.972400,-1.557861,1.000000
1.000000,1.000000,1.000000,0.256930,0.322859,1.000000
0.000000,0.000000,1.000000,-2.480264,1.020183,0.000000
0.000000,0.000000,0.000000,0.838964,2.234707,0.000000
0.000000,0.000000,1.000000,-1.592756,2.016585,0.000000
0.000000,0.000000,0.000000,-0.578441,-2.616910,1.000000
1.000000,1.000000,1.000000,1.102412,-3.176361,0.000000
0.000000,0.000000,0.000000,1.942713,1.730877,1.000000
0.000000,0.000000,0.000000,-2.788260,4.436225,0.000000
0.000000,0.000000,0.000000,-0.334298,1.350521,0.000000
1.000000,0.000000,0.000000,0.912032,-1.454947,1.000000
0.000000,0.000000,1.000000,-1.825611,-0.477562,0.000000
1.000000,1.000000,0.000000,1.658817,-0.923281,1.000000
1.000000,0.000000,0.000000,0.212367,-1.269865,1.000000
0.000000,0.000000,1.000000,0.176972,3.789862,0.000000
1.000000,0.000000,0.000000,0.746768,3.888803,0.000000
1.000000,0.000000,0.000000,0.353614,-2.333845,1.000000
0.000000,0.000000,1.000000,-0.381289,2.249975,0.000000
1.000000,0.000000,0.000000,0.807153,-0.156579,1.000000
1.000000,0.000000,1.000000,1.280699,0.309355,1.000000
1.000000,0.000000,0.000000,0.686541,-0.016561,0.000000
0.000000,0.000000,0.000000,0.253344,0.401093,0.000000
0.000000,0.000000,0.000000,0.739189,1.631022,1.000000
0.000000,0.000000,1.000000,-1.736880,0.448053,0.000000
0.000000,1.000000,1.000000,-1.114436,1.617822,0.000000
0.000000,1.000000,1.000000,-0.378816,5.480333,0.000000
0.000000,0.000000,0.000000,-1.330729,-0.282167,0.000000
0.000000,1.000000,0.000000,0.174265,2.028823,0.000000
0.000000,0.000000,1.000000,0.518857,2.185187,0.000000
1.000000,1.000000,1.000000,0.013720,-1.588487,1.000000
0.000000,0.000000,0.000000,-0.628766,2.672058,0.000000
1.000000,0.000000,1.000000,-0.405112,-1.675019,0.000000
1.000000,0.000000,0.000000,0.206951,3.973302,0.000000
0.000000,0.000000,0.000000,2.020463,3.408120,0.000000
0.000000,0.000000,0.000000,-1.083396,1.478356,0.000000
1.000000,0.000000,0.000000,0.114337,-1.889312,1.000000
0.000000,0.000000,0.000000,-1.257270,0.029591,0.000000
1.000000,0.000000,1.000000,0.875740,1.555375,1.000000
0.000000,0.000000,0.000000,0.241798,1.934098,0.000000
1.000000,1.000000,0.000000,0.696909,-0.276498,1.000000
0.000000,1.000000,0.000000,0.283456,4.927971,0.000000
0.000000,0.000000,0.000000,-1.176715,0.912867,0.000000
1.000000,0.000000,0.000000,0.003334,-1.945857,0.000000
1.000000,0.000000,1.000000,0.146655,-2.944498,0.000000
0.000000,0.000000,1.000000,-1.048820,-0.153996,0.000000
0.000000,0.000000,0.000000,-0.600283,0.807856,0.000000
0.000000,1.000000,1.000000,-0.768202,-0.437588,0.000000
0.000000,0.000000,0.000000,-0.363805,2.796244,0.000000
1.000000,0.000000,0.000000,0.947068,0.196549,0.000000
1.000000,0.000000,0.000000,1.741005,2.775352,1.000000
0.000000,0.000000,0.000000,1.748102,2.732741,0.000000
0.000000,0.000000,1.000000,-1.964160,2.712839,0.000000
1.000000,0.000000,0.000000,0.795422,-0.357176,1.000000
1.000000,0.000000,0.000000,0.414430,-0.620018,1.000000
0.000000,0.000000,0.000000,-0.671073,0.213537,0.000000
0.000000,0.000000,0.000000,0.662818,4.707508,0.000000
0.000000,0.000000,1.000000,-2.149076,0.314961,0.000000
1.000000,0.000000,0.000000,1.458103,0.295063,1.000000
0.000000,0.000000,0.000000,-0.072139,0.175237,0.000000
0.000000,0.000000,1.000000,-1.454868,0.486908,0.000000
0.000000,0.000000,0.000000,-1.050304,0.431713,0.000000
1.000000,0.000000,0.000000,0.479137,-1.104887,0.000000
0.000000,0.000000,0.000000,-0.508817,-1.204286,0.000000
0.000000,0.000000,0.000000,0.929471,1.103077,0.000000
1.000000,0.000000,0.000000,-0.933549,-0.669853,0.000000
1.000000,1.000000,1.000000,-0.321582,-0.493722,0.000000
0.000000,0.000000,1.000000,0.142315,5.544420,0.000000
1.000000,1.000000,1.000000,-1.717603,4.869710,0.000000
1.000000,0.000000,0.000000,1.662047,1.652155,1.000000
0.000000,0.000000,1.000000,-0.367257,1.153166,1.000000
1.000000,1.000000,0.000000,2.603099,-1.837198,1.000000
0.000000,0.000000,0.000000,-0.202723,2.819083,1.000000
0.000000,0.000000,0.000000,-0.211899,1.257636,1.000000
0.000000,0.000000,1.000000,-2.580774,2.475141,0.000000
0.000000,0.000000,0.000000,-1.079911,4.261316,0.000000
0.000000,0.000000,0.000000,-0.673678,-1.070948,1.000000
0.000000,0.000000,0.000000,0.779186,1.593100,1.000000
1.000000,0.000000,1.000000,-0.900518,1.676243,0.000000
1.000000,0.000000,0.000000,0.159839,-1.515233,1.000000
1.000000,0.000000,1.000000,0.382212,-0.042735,1.000000
1.000000,1.000000,0.000000,3.705568,4.533506,0.000000
1.000000,0.000000,1.000000,0.375356,1.563280,0.000000
0.000000,0.000000,0.000000,1.153640,4.415246,0.000000
1.000000,0.000000,0.000000,0.481681,2.471316,0.000000
0.000000,0.000000,1.000000,-1.382231,2.819493,0.000000
1.000000,1.000000,0.000000,1.466891,0.548865,1.000000
0.000000,0.000000,1.000000,-1.768274,1.251757,1.000000
0.000000,0.000000,1.000000,-1.165944,5.027408,0.000000
1.000000,0.000000,0.000000,0.973081,2.241110,0.000000
0.000000,1.000000,1.000000,-1.566394,5.364116,0.000000
1.000000,0.000000,1.000000,0.198229,0.507912,0.000000
1.000000,0.000000,0.000000,2.726363,3.426595,0.000000
1.000000,0.000000,0.000000,1.104356,-1.392887,1.000000
1.000000,1.000000,1.000000,1.612004,0.036599,0.000000
1.000000,0.000000,0.000000,0.194263,1.837520,0.000000
0.000000,0.000000,0.000000,1.161229,-1.047063,0.000000
0.000000,0.000000,1.000000,0.151552,4.317459,0.000000
0.000000,0.000000,0.000000,-0.643993,0.458255,0.000000
1.000000,0.000000,1.000000,-0.455648,1.727673,0.000000
1.000000,0.000000,0.000000,1.689629,-2.430687,1.000000
0.000000,0.000000,0.000000,0.372013,1.008652,1.000000
0.000000,1.000000,0.000000,0.867151,0.173330,0.000000
1.000000,1.000000,1.000000,-0.709974,-0.072267,1.000000
1.000000,0.000000,0.000000,0.234310,1.691253,0.000000
0.000000,0.000000,1.000000,-0.815970,1.032897,0.000000
1.000000,1.000000,0.000000,1.113901,2.678739,0.000000
0.000000,1.000000,1.000000,-1.163519,0.548622,0.000000
0.000000,0.000000,0.000000,-1.411079,-0.403871,1.000000
1.000000,0.000000,0.000000,0.418778,1.865454,0.000000
1.000000,0.000000,0.000000,0.764512,-1.194597,0.000000
1.000000,0.000000,0.000000,1.617328,-4.790048,1.000000
1.000000,0.000000,1.000000,1.539178,-0.112329,1.000000
1.000000,1.000000,0.000000,1.080916,2.804746,0.000000
0.000000,0.000000,0.000000,0.072386,-2.383717,0.000000
0.000000,0.000000,1.000000,-1.490492,-0.511110,0.000000
0.000000,0.000000,0.000000,-0.934958,3.254450,0.000000
0.000000,0.000000,1.000000,0.198638,1.322690,0.000000
1.000000,1.000000,1.000000,0.527319,1.830943,0.000000
0.000000,0.000000,1.000000,-3.847929,5.720275,0.000000
1.000000,0.000000,0.000000,-0.654098,-1.280129,0.000000
0.000000,0.000000,0.000000,-0.060099,-0.552559,1.000000
1.000000,0.000000,1.000000,-0.635360,-1.060690,1.000000
1.000000,0.000000,0.000000,-0.073302,1.470507,0.000000
0.000000,0.000000,1.000000,-1.769826,-0.031711,0.000000
1.000000,0.000000,0.000000,-0.182398,0.093802,1.000000
0.000000,0.000000,0.000000,-1.331763,6.835555,0.000000
1.000000,1.000000,0.000000,1.982047,2.917606,1.000000
0.000000,0.000000,0.000000,0.394981,4.374002,0.000000
1.000000,0.000000,0.000000,1.464693,-1.017499,1.000000
0.000000,0.000000,0.000000,-1.714773,-1.064285,0.000000
0.000000,0.000000,1.000000,-3.302094,1.633628,0.000000
1.000000,1.000000,1.000000,1.159617,-0.686577,1.000000
0.000000,0.000000,1.000000,-0.284371,2.370741,0.000000
1.000000,0.000000,1.000000,-0.761081,-0.931735,1.000000
0.000000,0.000000,0.000000,0.430120,-0.671535,0.000000
0.000000,0.000000,0.000000,-0.903630,-0.229410,0.000000
1.000000,0.000000,1.000000,-1.653426,0.155580,1.000000
1.000000,0.000000,0.000000,-1.065879,-1.346858,1.000000
1.000000,1.000000,0.000000,1.061999,4.040626,0.000000
0.000000,0.000000,1.000000,-1.149075,2.931368,0.000000
0.000000,0.000000,0.000000,0.239800,0.565698,0.000000
0.000000,0.000000,0.000000,-0.148621,1.243716,0.000000
0.000000,0.000000,0.000000,-1.063695,5.341501,0.000000
0.000000,0.000000,0.000000,-1.153288,2.009255,0.000000
0.000000,0.000000,1.000000,-1.307332,-0.113728,0.000000
0.000000,0.000000,1.000000,-0.956693,3.269585,0.000000
1.000000,0.000000,0.000000,2.663137,-0.116592,1.000000
0.000000,0.000000,0.000000,0.162328,2.762051,0.000000
0.000000,0.000000,0.000000,0.223826,0.966546,0.000000
0.000000,0.000000,0.000000,-1.137670,0.348250,1.000000
0.000000,0.000000,0.000000,1.122393,-1.119308,0.000000
1.000000,0.000000,0.000000,1.380362,0.154918,0.000000
1.000000,1.000000,1.000000,0.471966,3.010171,0.000000
0.000000,1.000000,1.000000,1.202077,3.888176,0.000000
0.000000,0.000000,0.000000,0.024146,-0.211168,0.000000
1.000000,1.000000,0.000000,1.547882,-2.417812,1.000000
0.000000,0.000000,1.000000,0.019903,5.288640,0.000000
0.000000,0.000000,0.000000,1.153379,-1.814827,0.000000
1.000000,0.000000,0.000000,-0.984991,0.718238,0.000000
0.000000,1.000000,1.000000,-2.518452,0.760905,0.000000
0.000000,0.000000,1.000000,-1.551621,4.479281,0.000000
1.000000,1.000000,0.000000,0.584163,-0.454763,1.000000
0.000000,0.000000,1.000000,-0.625216,4.247214,0.000000
1.000000,1.000000,0.000000,-0.201694,1.311826,0.000000
0.000000,0.000000,1.000000,-2.781729,0.118042,1.000000
0.000000,0.000000,0.000000,-0.783089,0.701916,0.000000
0.000000,0.000000,1.000000,-1.331162,3.852827,0.000000
1.000000,0.000000,0.000000,-1.460600,-0.389746,0.000000
0.000000,0.000000,0.000000,-0.086493,1.840850,0.000000
0.000000,0.000000,0.000000,-0.619612,3.723436,0.000000
1.000000,0.000000,0.000000,-0.109910,1.712081,0.000000
0.000000,0.000000,0.000000,-0.808537,-1.540344,0.000000
0.000000,1.000000,0.000000,-0.092371,1.501392,1.000000
0.000000,0.000000,0.000000,0.074960,-1.249546,1.000000
0.000000,0.000000,0.000000,-0.430076,3.828152,0.000000
0.000000,0.000000,0.000000,-0.574358,-0.270168,0.000000
1.000000,1.000000,0.000000,1.685673,3.232037,0.000000
0.000000,0.000000,0.000000,-1.455002,2.131182,0.000000
0.000000,1.000000,1.000000,0.536396,5.146251,0.000000
0.000000,1.000000,1.000000,0.697588,1.928468,0.000000
0.000000,0.000000,0.000000,-1.218243,-0.594777,0.000000
0.000000,1.000000,1.000000,0.128292,5.188117,0.000000
1.000000,0.000000,0.000000,-0.954593,-2.225436,1.000000
1.000000,0.000000,0.000000,0.010076,0.378283,0.000000
1.000000,1.000000,1.000000,1.158515,-1.092751,1.000000
1.000000,0.000000,0.000000,0.020165,-0.369461,1.000000
1.000000,1.000000,0.000000,0.617783,-1.729947,1.000000
1.000000,0.000000,0.000000,-0.258886,0.498070,1.000000
0.000000,0.000000,1.000000,-0.136242,3.528313,0.000000
0.000000,0.000000,1.000000,-2.176282,5.773968,0.000000
1.000000,0.000000,0.000000,1.326889,0.168926,1.000000
0.000000,0.000000,0.000000,-0.923894,3.691760,0.000000
0.000000,0.000000,0.000000,-0.998886,0.037630,0.000000
0.000000,0.000000,0.000000,0.418737,0.129011,1.000000
1.000000,0.000000,0.000000,0.876042,2.128926,1.000000
1.000000,1.000000,0.000000,2.111751,0.689380,0.000000
1.000000,0.000000,0.000000,1.702057,1.225498,1.000000
1.000000,1.000000,0.000000,2.389497,-0.923603,1.000000
0.000000,0.000000,0.000000,-0.198798,0.424886,0.000000
1.000000,0.000000,1.000000,-0.176147,0.487976,0.000000
0.000000,0.000000,0.000000,0.254415,1.336949,0.000000
0.000000,0.000000,0.000000,0.416878,5.208285,0.000000
0.000000,0.000000,0.000000,0.525253,0.572693,1.000000
1.000000,0.000000,0.000000,-0.952382,-1.094677,1.000000
1.000000,0.000000,0.000000,0.264857,-1.930746,1.000000
1.000000,0.000000,0.000000,0.657051,2.074043,1.000000
1.000000,0.000000,0.000000,1.066386,-1.084822,1.000000
1.000000,1.000000,1.000000,0.662390,3.332897,1.000000
0.000000,0.000000,0.000000,-1.226038,0.742402,0.000000
1.000000,0.000000,1.000000,-1.266422,0.316325,1.000000
1.000000,1.000000,1.000000,-0.087682,-1.982832,0.000000
1.000000,1.000000,0.000000,0.828545,-1.451455,1.000000
0.000000,0.000000,0.000000,-0.110324,-0.072688,1.000000
0.000000,0.000000,0.000000,-0.887803,0.495802,0.000000
1.000000,0.000000,1.000000,-2.152195,0.541072,1.000000
0.000000,0.000000,1.000000,-0.445240,0.481695,0.000000
0.000000,0.000000,0.000000,-0.077489,2.607485,1.000000
0.000000,0.000000,0.000000,-0.319119,1.969444,0.000000
0.000000,1.000000,1.000000,0.656556,1.553978,0.000000
0.000000,1.000000,1.000000,-0.056925,2.741619,0.000000
0.000000,0.000000,1.000000,-0.313665,0.397966,0.000000
0.000000,0.000000,0.000000,0.501884,0.578919,0.000000
0.000000,0.000000,1.000000,-1.061439,5.664672,0.000000
1.000000,1.000000,0.000000,-0.672493,-3.828682,1.000000
1.000000,0.000000,1.000000,-1.717176,2.571334,0.000000
1.000000,1.000000,0.000000,1.254748,1.664404,0.000000
0.000000,0.000000,0.000000,-0.739577,2.534123,0.000000
0.000000,0.000000,1.000000,-1.868852,2.127667,0.000000
1.000000,0.000000,1.000000,-1.838622,1.872196,0.000000
1.000000,0.000000,1.000000,-0.265924,1.104752,0.000000
1.000000,1.000000,1.000000,0.548690,2.744444,0.000000
0.000000,0.000000,0.000000,-0.323928,3.816058,0.000000
1.000000,1.000000,0.000000,0.652432,3.064691,0.000000
0.000000,1.000000,0.000000,0.160482,1.024776,0.000000
1.000000,0.000000,0.000000,1.245931,0.669120,1.000000
0.000000,1.000000,1.000000,0.354991,0.856588,1.000000
0.000000,0.000000,1.000000,-1.193520,-1.471925,0.000000
0.000000,0.000000,1.000000,-1.405509,1.644722,0.000000
1.000000,0.000000,0.000000,0.710302,0.380522,1.000000
1.000000,0.000000,0.000000,0.925333,2.922307,1.000000
1.000000,1.000000,0.000000,1.539124,0.894749,0.000000
0.000000,0.000000,0.000000,-2.109370,0.279368,0.000000
1.000000,0.000000,1.000000,0.043755,-0.364925,1.000000
0.000000,0.000000,0.000000,-0.175201,2.727596,0.000000
0.000000,0.000000,0.000000,-1.854026,5.294758,0.000000
0.000000,0.000000,0.000000,-0.756821,-0.062192,0.000000
1.000000,0.000000,1.000000,-0.985772,-1.108326,1.000000
1.000000,1.000000,1.000000,0.549904,2.522719,0.000000
0.000000,0.000000,1.000000,-1.708696,3.933066,0.000000
1.000000,1.000000,0.000000,-0.041383,0.026723,1.000000
0.000000,1.000000,1.000000,-1.759982,1.960888,0.000000
0.000000,0.000000,1.000000,-2.426937,2.886136,0.000000
0.000000,1.000000,0.000000,0.829925,3.594921,0.000000
0.000000,0.000000,1.000000,-1.622878,1.779767,0.000000
1.000000,0.000000,0.000000,1.033793,0.943521,1.000000
1.000000,0.000000,0.000000,1.176600,1.896023,0.000000
1.000000,0.000000,1.000000,-0.022337,-0.123423,0.000000
0.000000,0.000000,0.000000,0.209647,0.289036,0.000000
0.000000,0.000000,1.000000,-1.497673,3.774787,0.000000
1.000000,1.000000,0.000000,1.883255,2.979969,0.000000
0.000000,0.000000,1.000000,-1.334167,1.622298,0.000000
0.000000,0.000000,0.000000,0.344205,1.605245,0.000000
0.000000,0.000000,0.000000,-0.603957,3.920524,0.000000
0.000000,0.000000,0.000000,-0.905443,4.122030,0.000000
1.000000,0.000000,0.000000,1.763992,2.926408,0.000000
1.000000,0.000000,1.000000,-0.808994,-0.397528,0.000000
1.000000,0.000000,0.000000,0.692654,2.549486,0.000000
1.000000,0.000000,0.000000,1.599219,1.626567,0.000000
1.000000,0.000000,1.000000,-0.887278,3.015570,0.000000
1.000000,0.000000,0.000000,1.223928,2.156268,0.000000
0.000000,0.000000,1.000000,-0.104648,1.511122,0.000000
1.000000,0.000000,0.000000,0.675352,1.028705,1.000000
0.000000,0.000000,0.000000,0.380634,1.942222,0.000000
1.000000,1.000000,0.000000,0.494061,2.511791,0.000000
1.000000,1.000000,1.000000,1.347453,-0.339019,1.000000
0.000000,0.000000,0.000000,1.774563,1.582427,0.000000
1.000000,0.000000,1.000000,-1.401387,-1.011930,0.000000
0.000000,1.000000,1.000000,-1.078839,5.992922,0.000000
0.000000,0.000000,0.000000,0.990574,-1.820194,1.000000
1.000000,1.000000,0.000000,0.833817,0.929718,1.000000
1.000000,0.000000,0.000000,0.170721,-3.342306,1.000000
1.000000,1.000000,0.000000,1.841312,-1.052541,0.000000
1.000000,0.000000,1.000000,0.178638,3.081956,0.000000
0.000000,0.000000,0.000000,-0.067461,-0.135665,0.000000
0.000000,0.000000,0.000000,-0.816235,-1.241406,0.000000
0.000000,0.000000,0.000000,0.582508,1.184397,0.000000
0.000000,0.000000,0.000000,-1.747582,2.736320,0.000000
1.000000,0.000000,1.000000,-0.599763,2.100118,1.000000
0.000000,0.000000,1.000000,-1.049317,1.995700,0.000000
1.000000,0.000000,1.000000,-0.485073,0.250399,1.000000
1.000000,0.000000,0.000000,0.414705,-2.327566,1.000000
0.000000,0.000000,0.000000,1.886464,0.575512,1.000000
1.000000,0.000000,0.000000,1.624483,1.238496,1.000000
1.000000,0.000000,0.000000,2.265391,1.117906,1.000000
1.000000,0.000000,0.000000,0.302430,1.336008,1.000000
0.000000,0.000000,0.000000,-0.388271,0.909492,0.000000
0.000000,0.000000,0.000000,-0.923516,-0.277364,0.000000
1.000000,0.000000,1.000000,1.179345,-1.161935,0.000000
0.000000,0.000000,1.000000,-3.375299,0.307491,0.000000
1.000000,1.000000,1.000000,1.500362,2.300367,0.000000
1.000000,1.000000,0.000000,0.536772,3.156217,0.000000
0.000000,1.000000,1.000000,-0.013438,5.717674,0.000000
0.000000,0.000000,0.000000,-0.189243,0.563223,1.000000
0.000000,0.000000,0.000000,0.115625,-1.612072,1.000000
1.000000,0.000000,1.000000,0.519095,-0.078933,0.000000
1.000000,1.000000,0.000000,1.024853,1.274200,0.000000
0.000000,0.000000,1.000000,-1.953306,-0.727433,0.000000
0.000000,0.000000,0.000000,-1.204741,0.353261,1.000000
0.000000,0.000000,0.000000,-0.874500,0.288453,0.000000
0.000000,0.000000,0.000000,-0.136966,1.113214,0.000000
0.000000,0.000000,0.000000,-0.893685,3.713113,0.000000
0.000000,0.000000,0.000000,-1.925663,2.863602,0.000000
0.000000,0.000000,0.000000,-0.499228,4.648604,0.000000
1.000000,0.000000,0.000000,1.494021,-0.358395,0.000000
0.000000,0.000000,1.000000,-1.744782,-0.820016,0.000000
0.000000,0.000000,1.000000,-0.873773,1.157733,0.000000
0.000000,0.000000,1.000000,-1.701236,2.871671,0.000000
0.000000,0.000000,0.000000,0.514744,2.205741,0.000000
0.000000,1.000000,0.000000,2.989017,-2.882413,1.000000
0.000000,0.000000,0.000000,-0.857247,4.197693,0.000000
0.000000,0.000000,1.000000,-0.933431,3.561746,0.000000
0.000000,0.000000,0.000000,1.800979,-0.493638,0.000000
0.000000,0.000000,1.000000,-1.331028,-2.012023,0.000000
0.000000,1.000000,0.000000,0.719026,3.268583,0.000000
0.000000,0.000000,0.000000,-0.843154,1.769839,0.000000
0.000000,0.000000,0.000000,-2.526074,1.673519,0.000000
0.000000,0.000000,0.000000,-1.315033,1.251923,0.000000
0.000000,0.000000,0.000000,1.347026,5.142459,0.000000
0.000000,0.000000,0.000000,1.182285,2.434658,0.000000
1.000000,1.000000,0.000000,2.801432,-0.627869,1.000000
1.000000,0.000000,0.000000,1.705756,-0.478290,1.000000
0.000000,0.000000,1.000000,0.184548,-1.004017,0.000000
1.000000,0.000000,0.000000,0.477367,0.997375,0.000000
0.000000,1.000000,1.000000,-0.003350,3.486010,0.000000
1.000000,0.000000,1.000000,-0.671023,0.806219,0.000000
0.000000,0.000000,0.000000,-0.257534,0.583212,1.000000
1.000000,1.000000,0.000000,0.281298,-0.001420,1.000000
1.000000,1.000000,0.000000,1.174761,0.423987,0.000000
0.000000,0.000000,0.000000,-0.604932,2.854498,0.000000
1.000000,1.000000,0.000000,0.645941,0.229277,1.000000
1.000000,1.000000,1.000000,-0.901647,-0.883006,0.000000
0.000000,0.000000,1.000000,-1.523874,-2.226208,1.000000
0.000000,1.000000,0.000000,1.620967,-1.023995,1.000000
1.000000,0.000000,0.000000,0.777180,-0.955983,1.000000
1.000000,0.000000,1.000000,-0.479992,3.447602,0.000000
0.000000,0.000000,0.000000,-0.459505,2.623689,0.000000
0.000000,1.000000,1.000000,-0.655249,2.532447,0.000000
1.000000,1.000000,0.000000,3.664721,1.439390,1.000000
0.000000,0.000000,0.000000,1.351424,-0.569293,1.000000
1.000000,1.000000,0.000000,1.075251,-0.468642,0.000000
0.000000,0.000000,0.000000,-0.366390,2.168672,0.000000
1.000000,1.000000,0.000000,2.503366,0.640250,1.000000
1.000000,1.000000,1.000000,-0.023229,5.751314,0.000000
0.000000,0.000000,0.000000,0.358332,2.831607,0.000000
0.000000,0.000000,0.000000,0.330879,1.306801,0.000000
0.000000,0.000000,1.000000,-2.325441,-1.579055,1.000000
0.000000,0.000000,0.000000,-2.521920,-0.289690,0.000000
0.000000,0.000000,0.000000,0.414875,2.274995,0.000000
1.000000,0.000000,0.000000,0.233202,-1.542258,0.000000
0.000000,0.000000,0.000000,0.930808,3.172421,0.000000
0.000000,1.000000,1.000000,-0.732236,4.094057,0.000000
0.000000,1.000000,0.000000,1.066244,0.484060,0.000000
0.000000,0.000000,1.000000,-0.815364,3.819114,0.000000
1.000000,0.000000,1.000000,-0.484801,0.908771,1.000000
0.000000,0.000000,0.000000,-0.074793,4.956793,0.000000
0.000000,0.000000,0.000000,-0.849861,4.644389,0.000000
0.000000,0.000000,1.000000,-0.965424,0.987232,0.000000
0.000000,0.000000,1.000000,-1.005189,1.932245,0.000000
1.000000,1.000000,0.000000,0.741646,1.943069,1.000000
0.000000,0.000000,0.000000,0.088425,3.034137,0.000000
1.000000,1.000000,0.000000,0.546827,-0.992580,1.000000
1.000000,0.000000,0.000000,1.214425,2.645297,0.000000
1.000000,0.000000,0.000000,1.462801,0.643432,0.000000
1.000000,0.000000,0.000000,-0.246349,-2.871061,1.000000
1.000000,0.000000,0.000000,1.405864,0.746907,1.000000
1.000000,0.000000,0.000000,0.275158,1.191334,0.000000
0.000000,0.000000,0.000000,-0.106879,0.864004,0.000000
1.000000,0.000000,1.000000,-1.292532,-1.424007,0.000000
0.000000,0.000000,0.000000,-0.364114,-1.105444,0.000000
0.000000,0.000000,0.000000,-0.541158,4.037101,1.000000
1.000000,1.000000,1.000000,0.299316,4.895683,0.000000
0.000000,0.000000,0.000000,0.181299,0.775481,0.000000
0.000000,0.000000,1.000000,-0.143705,-0.658185,1.000000
1.000000,0.000000,0.000000,-0.557299,1.738310,0.000000
1.000000,0.000000,0.000000,-0.092186,1.119762,0.000000
0.000000,0.000000,0.000000,0.159974,0.837395,0.000000
0.000000,0.000000,0.000000,-0.189412,-0.099665,0.000000
0.000000,0.000000,0.000000,0.648974,-1.947917,0.000000
0.000000,0.000000,0.000000,2.101150,0.688372,1.000000
1.000000,0.000000,1.000000,-0.549540,0.154326,1.000000
1.000000,0.000000,0.000000,1.082562,0.525495,0.000000
0.000000,0.000000,1.000000,0.576243,1.960098,0.000000
1.000000,0.000000,1.000000,0.534882,0.327889,1.000000
0.000000,0.000000,0.000000,-0.071790,-1.550423,0.000000
1.000000,1.000000,1.000000,1.298125,3.121697,1.000000
0.000000,0.000000,0.000000,0.635066,1.748218,1.000000
1.000000,1.000000,1.000000,0.557501,2.086131,0.000000
1.000000,1.000000,0.000000,2.907245,0.584990,1.000000
0.000000,0.000000,0.000000,0.686529,0.846809,0.000000
1.000000,0.000000,0.000000,-1.098551,-2.226212,0.000000
0.000000,0.000000,0.000000,-0.718557,2.934422,0.000000
1.000000,1.000000,0.000000,1.364679,1.823342,1.000000
1.000000,1.000000,1.000000,-0.399238,1.115021,0.000000
0.000000,0.000000,0.000000,-0.256021,3.390702,0.000000
0.000000,0.000000,0.000000,-1.373866,4.395385,0.000000
1.000000,0.000000,1.000000,-0.075595,2.786031,0.000000
0.000000,0.000000,1.000000,-1.769161,2.235197,0.000000
0.000000,0.000000,0.000000,-0.971832,2.458643,0.000000
0.000000,0.000000,0.000000,-0.703301,2.431500,0.000000
1.000000,1.000000,0.000000,-0.164667,-0.154074,0.000000
0.000000,0.000000,0.000000,-1.968519,-0.012429,0.000000
1.000000,0.000000,0.000000,-0.387408,-0.727635,1.000000
0.000000,0.000000,0.000000,-0.508731,2.101996,0.000000
0.000000,1.000000,1.000000,-0.821716,2.650352,0.000000
0.000000,0.000000,1.000000,-1.022418,-0.486764,0.000000
1.000000,0.000000,0.000000,1.552847,0.382918,1.000000
0.000000,0.000000,0.000000,0.763631,-0.857910,0.000000
0.000000,0.000000,0.000000,-1.078130,0.648820,0.000000
0.000000,0.000000,1.000000,-0.419502,-0.482426,0.000000
0.000000,0.000000,1.000000,-1.949824,1.268653,0.000000
0.000000,1.000000,0.000000,-1.422353,1.668443,0.000000
1.000000,1.000000,1.000000,0.583976,1.697963,1.000000
0.000000,1.000000,0.000000,0.890520,0.688640,0.000000
1.000000,0.000000,0.000000,0.667802,2.290024,0.000000
1.000000,0.000000,1.000000,-1.838423,-1.341053,1.000000
1.000000,1.000000,1.000000,0.900665,0.483057,0.000000
0.000000,0.000000,0.000000,0.747090,0.965808,0.000000
0.000000,0.000000,0.000000,-1.294724,-3.983862,1.000000
0.000000,0.000000,0.000000,0.389646,1.556914,0.000000
1.000000,1.000000,1.000000,0.822287,2.461695,0.000000
1.000000,1.000000,1.000000,0.255306,1.019336,1.000000
0.000000,0.000000,0.000000,-0.345619,1.647156,0.000000
0.000000,1.000000,0.000000,0.508608,-1.236514,0.000000
0.000000,1.000000,0.000000,0.478043,2.605242,0.000000
0.000000,0.000000,1.000000,-2.632484,0.820414,0.000000
0.000000,0.000000,1.000000,-3.211952,3.732742,0.000000
1.000000,1.000000,1.000000,1.086310,4.994842,0.000000
0.000000,0.000000,1.000000,-1.633040,1.131026,0.000000
1.000000,1.000000,0.000000,1.198788,-0.812232,1.000000
1.000000,0.000000,1.000000,0.604938,-1.799321,0.000000
1.000000,1.000000,0.000000,2.133573,0.166946,1.000000
1.000000,1.000000,1.000000,0.174146,-0.394170,0.000000
1.000000,0.000000,1.000000,-0.653361,-0.347452,0.000000
0.000000,0.000000,1.000000,-0.395281,1.811326,0.000000
0.000000,0.000000,0.000000,-1.523604,2.448961,0.000000
0.000000,0.000000,0.000000,0.710429,3.646092,0.000000
1.000000,0.000000,0.000000,1.243711,-2.920809,1.000000
1.000000,0.000000,1.000000,0.000881,-3.834549,1.000000
0.000000,1.000000,1.000000,-0.593406,2.271518,0.000000
1.000000,1.000000,1.000000,0.363544,1.347987,0.000000
1.000000,1.000000,1.000000,0.300294,0.784989,0.000000
0.000000,1.000000,0.000000,0.313794,0.588223,0.000000
0.000000,0.000000,0.000000,-0.983423,3.100735,0.000000
1.000000,0.000000,1.000000,-1.348623,-3.875445,0.000000
1.000000,0.000000,0.000000,-0.243225,0.816040,1.000000
0.000000,0.000000,0.000000,-1.081040,1.743601,1.000000
0.000000,0.000000,0.000000,-0.208207,-0.686710,1.000000
0.000000,0.000000,1.000000,-1.169388,0.704315,0.000000
0.000000,0.000000,1.000000,-0.016233,2.965761,1.000000
0.000000,0.000000,0.000000,-0.274700,2.623299,1.000000
1.000000,1.000000,0.000000,1.363848,-0.701347,0.000000
0.000000,1.000000,1.000000,0.845952,3.452343,0.000000
1.000000,0.000000,0.000000,1.518762,1.515479,0.000000
0.000000,0.000000,1.000000,-0.689880,0.122822,0.000000
1.000000,1.000000,0.000000,2.659963,-0.090176,1.000000
0.000000,0.000000,1.000000,-0.774895,1.818689,0.000000
0.000000,0.000000,0.000000,-1.398606,2.670122,0.000000
0.000000,0.000000,1.000000,-1.791411,-0.355430,0.000000
0.000000,0.000000,0.000000,-0.936579,-2.080630,1.000000
0.000000,0.000000,1.000000,-2.559098,1.159274,0.000000
0.000000,0.000000,1.000000,-1.208501,2.924873,1.000000
1.000000,1.000000,1.000000,-0.405586,-0.503410,0.000000
0.000000,0.000000,1.000000,-2.524797,0.799635,0.000000
0.000000,0.000000,1.000000,-0.322475,4.005058,0.000000
1.000000,1.000000,0.000000,0.637975,-0.188594,1.000000
0.000000,1.000000,0.000000,0.356043,0.547339,0.000000
0.000000,0.000000,0.000000,-2.049715,2.802796,0.000000
1.000000,0.000000,0.000000,1.772471,-0.699126,1.000000
0.000000,0.000000,1.000000,-1.476119,0.108897,0.000000
0.000000,0.000000,0.000000,0.578000,2.301481,0.000000
0.000000,0.000000,0.000000,1.440362,0.371445,1.000000
0.000000,0.000000,0.000000,0.194053,0.855357,0.000000
0.000000,0.000000,1.000000,-3.299587,4.720623,0.000000
1.000000,0.000000,0.000000,2.077961,-2.430150,1.000000
1.000000,0.000000,1.000000,-0.910461,-0.584574,1.000000
0.000000,0.000000,0.000000,1.196089,4.213549,1.000000
0.000000,0.000000,0.000000,0.916499,3.400984,0.000000
0.000000,0.000000,0.000000,0.167372,1.563472,0.000000
0.000000,0.000000,0.000000,1.383963,1.654315,0.000000
1.000000,1.000000,0.000000,1.290854,0.678848,0.000000
1.000000,0.000000,0.000000,0.509627,0.465556,0.000000
0.000000,0.000000,1.000000,-2.269165,2.020992,0.000000
0.000000,1.000000,1.000000,-0.991288,0.243064,0.000000
0.000000,0.000000,1.000000,-2.789538,4.284983,0.000000
0.000000,0.000000,0.000000,0.356764,0.168157,1.000000
0.000000,0.000000,0.000000,-0.723585,1.226325,0.000000
1.000000,0.000000,1.000000,-0.756404,1.507741,0.000000
1.000000,1.000000,1.000000,0.601738,-0.379446,0.000000
0.000000,0.000000,0.000000,1.320520,1.708530,0.000000
0.000000,0.000000,0.000000,-0.387311,-1.622489,0.000000
0.000000,0.000000,0.000000,-0.124348,1.928414,0.000000
1.000000,0.000000,0.000000,-0.228504,-2.257943,1.000000
0.000000,0.000000,1.000000,-2.036321,2.267738,0.000000
1.000000,0.000000,0.000000,0.282164,1.961566,0.000000
1.000000,0.000000,0.000000,2.232284,1.656945,1.000000
1.000000,0.000000,0.000000,0.420912,-0.159337,1.000000
1.000000,0.000000,0.000000,1.195702,1.888511,1.000000
1.000000,0.000000,0.000000,0.369462,1.223919,1.000000
0.000000,0.000000,0.000000,-0.817924,1.035906,0.000000
0.000000,0.000000,0.000000,-1.978837,-0.263709,0.000000
1.000000,0.000000,1.000000,0.240630,1.066972,1.000000
1.000000,0.000000,1.000000,-1.375278,1.100277,0.000000
0.000000,0.000000,0.000000,1.040417,1.633763,0.000000
0.000000,0.000000,0.000000,-0.037389,4.137520,0.000000
1.000000,0.000000,0.000000,-0.092585,-0.575146,1.000000
0.000000,0.000000,0.000000,1.153077,2.907821,0.000000
0.000000,1.000000,1.000000,-0.419324,5.616606,0.000000
1.000000,0.000000,0.000000,-0.579892,-0.524140,1.000000
0.000000,0.000000,1.000000,0.839085,2.346979,0.000000
1.000000,0.000000,0.000000,-0.243743,-1.540798,1.000000
1.000000,0.000000,0.000000,1.326575,-1.384694,0.000000
1.000000,0.000000,0.000000,1.696623,-3.036386,1.000000
1.000000,0.000000,0.000000,1.356825,-1.829431,1.000000
1.000000,0.000000,0.000000,-0.683196,0.182134,0.000000
0.000000,0.000000,0.000000,-0.132705,0.244209,1.000000
1.000000,0.000000,1.000000,-0.953038,-1.372104,0.000000
1.000000,0.000000,0.000000,0.872512,-0.156652,1.000000
1.000000,0.000000,1.000000,1.300977,-1.284681,1.000000
0.000000,0.000000,0.000000,0.338811,7.260962,0.000000
1.000000,0.000000,0.000000,-0.404139,-1.356196,1.000000
1.000000,1.000000,1.000000,-1.053710,-0.668448,1.000000
1.000000,1.000000,0.000000,1.118696,0.483704,1.000000
1.000000,1.000000,1.000000,1.107518,2.480310,1.000000
0.000000,1.000000,0.000000,1.158044,-0.159625,1.000000
1.000000,1.000000,0.000000,0.382063,3.073581,1.000000
0.000000,0.000000,1.000000,-0.947527,0.802252,1.000000
0.000000,0.000000,1.000000,-0.662169,-0.160279,0.000000
0.000000,0.000000,1.000000,-2.134254,3.634237,0.000000
0.000000,0.000000,0.000000,-0.782267,-1.193900,0.000000
0.000000,0.000000,0.000000,-1.729620,1.899194,0.000000
0.000000,0.000000,1.000000,-0.466975,5.203601,0.000000
1.000000,0.000000,0.000000,-0.731791,1.195179,0.000000
1.000000,1.000000,1.000000,-0.075169,-1.668354,1.000000
1.000000,1.000000,1.000000,0.290075,0.757042,0.000000
0.000000,1.000000,1.000000,-1.444845,6.278070,0.000000
0.000000,0.000000,1.000000,-0.317190,2.302559,0.000000
1.000000,0.000000,0.000000,0.022756,-1.959748,1.000000
0.000000,0.000000,1.000000,-0.091560,3.658920,0.000000
0.000000,0.000000,0.000000,1.909333,3.789516,0.000000
0.000000,1.000000,1.000000,0.557005,4.974503,0.000000
0.000000,0.000000,0.000000,0.647896,1.036962,1.000000
0.000000,0.000000,0.000000,-0.038767,1.876377,0.000000
0.000000,0.000000,0.000000,0.397893,0.730568,1.000000
0.000000,0.000000,0.000000,-1.021043,-0.001616,1.000000
0.000000,0.000000,0.000000,-0.710772,0.782938,1.000000
0.000000,0.000000,0.000000,-0.645840,3.168982,0.000000
1.000000,1.000000,0.000000,1.674328,0.177930,1.000000
1.000000,0.000000,0.000000,0.049888,2.209073,0.000000
0.000000,0.000000,1.000000,-1.828389,5.176677,0.000000
0.000000,0.000000,0.000000,-1.206239,-0.001067,1.000000
0.000000,0.000000,1.000000,-1.774030,0.221615,0.000000
0.000000,0.000000,0.000000,-0.134274,0.243744,0.000000
0.000000,0.000000,0.000000,1.137402,0.989085,0.000000
0.000000,0.000000,0.000000,0.214884,3.798094,0.000000
0.000000,1.000000,1.000000,-0.864348,2.969361,0.000000
1.000000,0.000000,0.000000,0.104394,0.672158,0.000000
0.000000,0.000000,0.000000,-1.498307,2.693889,1.000000
1.000000,0.000000,0.000000,-0.219546,1.344876,0.000000
0.000000,0.000000,1.000000,-2.515431,1.366658,0.000000
1.000000,0.000000,0.000000,1.694247,1.778522,1.000000
0.000000,0.000000,1.000000,-0.673773,2.334094,0.000000
1.000000,0.000000,0.000000,1.081507,1.642713,0.000000
0.000000,0.000000,0.000000,0.042268,0.700661,0.000000
0.000000,0.000000,1.000000,-1.155988,0.994159,0.000000
0.000000,0.000000,0.000000,0.400423,4.101127,0.000000
0.000000,0.000000,1.000000,-0.676225,2.278376,0.000000
1.000000,0.000000,0.000000,2.595108,-2.556471,1.000000
1.000000,1.000000,1.000000,-0.452533,0.557092,0.000000
1.000000,0.000000,0.000000,0.945866,-0.901180,0.000000
0.000000,1.000000,1.000000,-0.213789,4.790185,0.000000
1.000000,0.000000,0.000000,0.772004,0.811710,1.000000
1.000000,1.000000,1.000000,0.632288,3.675887,0.000000
0.000000,0.000000,0.000000,0.007024,2.335600,1.000000
1.000000,0.000000,0.000000,1.079222,-0.672308,0.000000
0.000000,0.000000,1.000000,-1.491681,3.690240,0.000000
1.000000,0.000000,0.000000,0.533207,0.172486,1.000000
1.000000,0.000000,0.000000,1.314144,2.270574,0.000000
0.000000,0.000000,0.000000,-0.282745,2.419782,0.000000
0.000000,0.000000,0.000000,-0.616609,2.266921,0.000000
0.000000,0.000000,0.000000,-0.625335,0.320075,1.000000
1.000000,0.000000,0.000000,0.281548,1.279586,0.000000
1.000000,0.000000,0.000000,0.497040,-0.033429,1.000000
0.000000,0.000000,0.000000,-0.003962,1.255779,0.000000
1.000000,1.000000,0.000000,2.814556,-1.516670,1.000000
0.000000,0.000000,1.000000,-1.466206,0.227446,0.000000
1.000000,0.000000,1.000000,0.590676,-1.955705,1.000000
0.000000,0.000000,0.000000,-0.827438,2.523356,0.000000
1.000000,0.000000,1.000000,-0.650237,1.152310,0.000000
0.000000,0.000000,0.000000,-0.212992,3.995956,0.000000
0.000000,1.000000,0.000000,0.288474,-0.106488,0.000000
1.000000,0.000000,1.000000,-1.388566,-1.276016,1.000000
0.000000,0.000000,0.000000,-0.599751,1.043412,1.000000
0.000000,0.000000,0.000000,-0.962833,0.202604,0.000000
0.000000,0.000000,1.000000,-1.649742,1.403840,0.000000
0.000000,0.000000,0.000000,-0.632110,3.077870,0.000000
1.000000,0.000000,1.000000,1.093338,3.293142,0.000000
0.000000,0.000000,1.000000,-0.326112,2.054261,0.000000
0.000000,0.000000,1.000000,-0.827744,3.032012,0.000000
1.000000,0.000000,1.000000,-1.668437,2.329467,0.000000
1.000000,1.000000,0.000000,1.330845,1.434796,0.000000
0.000000,0.000000,1.000000,-0.166276,1.472936,0.000000
0.000000,0.000000,1.000000,-1.183179,0.302484,0.000000
0.000000,0.000000,1.000000,-3.679996,2.802461,0.000000
0.000000,1.000000,0.000000,0.286230,3.150447,0.000000
0.000000,0.000000,0.000000,0.801388,7.296800,0.000000
0.000000,0.000000,0.000000,0.558836,1.761675,0.000000
0.000000,0.000000,0.000000,0.030341,0.087061,0.000000
0.000000,0.000000,0.000000,-0.369313,-1.760441,1.000000
1.000000,1.000000,1.000000,0.903360,-0.258155,0.000000
1.000000,1.000000,1.000000,1.087848,3.270279,0.000000
1.000000,1.000000,1.000000,0.696097,1.314739,1.000000
0.000000,1.000000,0.000000,1.762833,1.706170,1.000000
0.000000,0.000000,0.000000,-1.170282,1.295245,0.000000
0.000000,0.000000,1.000000,-1.444309,1.881894,0.000000
0.000000,0.000000,0.000000,-0.292656,-0.273805,0.000000
1.000000,1.000000,0.000000,2.091583,0.938004,0.000000
0.000000,0.000000,0.000000,-0.479408,0.899135,0.000000
0.000000,0.000000,1.000000,-1.163792,2.907983,0.000000
1.000000,1.000000,0.000000,0.523616,-0.336584,0.000000
1.000000,0.000000,0.000000,1.963624,0.538267,1.000000
0.000000,0.000000,0.000000,-0.739108,0.778773,0.000000
1.000000,0.000000,1.000000,-1.159959,-0.667083,0.000000
1.000000,0.000000,1.000000,-0.767785,-0.688131,1.000000
0.000000,0.000000,0.000000,-2.058670,-1.339781,0.000000
1.000000,1.000000,1.000000,1.182468,2.990996,1.000000
1.000000,1.000000,1.000000,-0.645741,0.912036,0.000000
0.000000,0.000000,0.000000,-1.544685,1.387307,0.000000
1.000000,1.000000,0.000000,-0.247427,1.206612,0.000000
0.000000,0.000000,0.000000,1.176949,0.988486,0.000000
0.000000,0.000000,1.000000,-0.456018,2.231254,0.000000
0.000000,0.000000,0.000000,1.839064,3.516771,0.000000
0.000000,0.000000,0.000000,-1.092663,1.403904,0.000000
1.000000,1.000000,0.000000,1.183944,1.287201,1.000000
0.000000,0.000000,1.000000,-1.814008,0.668499,0.000000
1.000000,1.000000,1.000000,0.519083,1.588834,0.000000
0.000000,0.000000,0.000000,0.018132,1.840820,0.000000
0.000000,0.000000,0.000000,-0.891614,2.156702,0.000000
0.000000,0.000000,1.000000,-1.980647,2.068558,0.000000
0.000000,0.000000,0.000000,-0.140016,2.447643,0.000000
0.000000,0.000000,0.000000,-0.281652,3.337635,0.000000
0.000000,1.000000,0.000000,-0.043377,2.814552,0.000000
0.000000,0.000000,1.000000,-1.505521,2.010866,0.000000
0.000000,0.000000,0.000000,-1.155453,1.919222,0.000000
0.000000,0.000000,1.000000,0.213707,2.251817,0.000000
0.000000,0.000000,1.000000,-0.608102,-0.992354,1.000000
0.000000,0.000000,0.000000,-0.335643,4.018622,0.000000
1.000000,0.000000,0.000000,-0.480363,0.449334,1.000000
1.000000,0.000000,0.000000,0.320211,1.795634,0.000000
0.000000,0.000000,0.000000,-0.320957,2.659316,0.000000
0.000000,0.000000,0.000000,0.170380,0.043339,1.000000
0.000000,0.000000,1.000000,-0.905834,0.129439,0.000000
0.000000,0.000000,0.000000,-0.393468,2.726798,0.000000
0.000000,0.000000,1.000000,-0.738620,0.494247,0.000000
0.000000,0.000000,1.000000,0.493937,6.640324,1.000000
1.000000,0.000000,1.000000,0.521468,3.754623,0.000000
0.000000,0.000000,0.000000,0.525473,1.945206,0.000000
1.000000,0.000000,1.000000,-1.377187,1.344418,0.000000
1.000000,1.000000,0.000000,0.377848,1.563098,1.000000
1.000000,0.000000,1.000000,-1.617416,0.882603,0.000000
0.000000,0.000000,1.000000,-2.012661,-0.075015,0.000000
1.000000,0.000000,1.000000,0.543798,-0.393104,0.000000
0.000000,0.000000,0.000000,0.405548,3.213749,0.000000
0.000000,0.000000,1.000000,-0.555928,1.698851,0.000000
1.000000,0.000000,1.000000,-0.184931,-0.575278,1.000000
0.000000,0.000000,0.000000,-0.008346,3.988124,0.000000
1.000000,0.000000,1.000000,-0.345015,-0.738014,1.000000
0.000000,0.000000,0.000000,-0.633561,1.775026,0.000000
0.000000,0.000000,0.000000,0.151199,0.151196,0.000000
1.000000,1.000000,0.000000,-0.226643,-0.641524,1.000000
1.000000,0.000000,0.000000,0.380427,1.631726,0.000000
0.000000,0.000000,0.000000,0.200477,3.654173,0.000000
0.000000,0.000000,1.000000,-1.050111,1.044604,0.000000
0.000000,0.000000,1.000000,-2.347173,4.290941,0.000000
0.000000,0.000000,0.000000,-0.046306,5.685580,0.000000
0.000000,0.000000,1.000000,-1.459685,1.899018,0.000000
1.000000,0.000000,0.000000,0.025428,-5.342038,1.000000
0.000000,0.000000,1.000000,-1.858581,-0.076934,0.000000
0.000000,0.000000,0.000000,0.229546,3.110890,0.000000
0.000000,1.000000,0.000000,-0.326107,4.042846,0.000000
0.000000,0.000000,0.000000,-1.833349,-0.602147,0.000000
1.000000,1.000000,0.000000,2.904683,-0.417471,1.000000
1.000000,0.000000,0.000000,0.070501,-3.425823,0.000000
0.000000,1.000000,0.000000,1.888635,-0.297204,0.000000
1.000000,0.000000,0.000000,0.577871,0.452750,0.000000
0.000000,0.000000,1.000000,-0.739918,6.001434,0.000000
0.000000,0.000000,0.000000,-0.685125,0.096839,0.000000
0.000000,0.000000,0.000000,0.987516,-0.033240,0.000000
1.000000,1.000000,1.000000,1.853252,-2.777750,1.000000
0.000000,1.000000,0.000000,1.084894,3.458561,0.000000
0.000000,1.000000,0.000000,0.062460,3.163484,0.000000
1.000000,0.000000,0.000000,0.567361,2.138993,0.000000
0.000000,0.000000,1.000000,-2.261581,3.548637,0.000000
1.000000,0.000000,0.000000,0.363651,0.758816,0.000000
0.000000,1.000000,0.000000,-0.513287,2.804424,0.000000
0.000000,0.000000,0.000000,-0.577327,2.217415,1.000000
0.000000,0.000000,0.000000,-0.981073,2.992613,1.000000
0.000000,0.000000,1.000000,-0.655649,1.883566,1.000000
1.000000,0.000000,0.000000,-0.677615,1.204258,0.000000
0.000000,1.000000,0.000000,0.769673,2.208419,0.000000
1.000000,0.000000,0.000000,1.565542,-3.760290,1.000000
1.000000,1.000000,1.000000,0.538965,2.075645,0.000000
0.000000,0.000000,0.000000,0.947508,-1.655624,1.000000
0.000000,0.000000,0.000000,-0.177072,4.731373,0.000000
1.000000,0.000000,0.000000,0.357179,0.429757,0.000000
1.000000,0.000000,0.000000,1.134732,-2.215145,1.000000
1.000000,0.000000,1.000000,-0.699413,1.368337,0.000000
0.000000,0.000000,1.000000,-0.167232,0.639003,1.000000
0.000000,0.000000,0.000000,-0.098258,-0.024749,0.000000
1.000000,0.000000,0.000000,2.077189,0.431054,1.000000
1.000000,0.000000,0.000000,1.731996,2.125273,0.000000
1.000000,1.000000,0.000000,1.289188,1.265664,1.000000
1.000000,0.000000,1.000000,0.080687,0.499657,0.000000
0.000000,0.000000,0.000000,-0.432881,0.050766,0.000000
1.000000,0.000000,0.000000,1.385040,-2.244512,1.000000
1.000000,0.000000,0.000000,2.651195,-0.914919,1.000000
1.000000,1.000000,1.000000,-0.806545,2.207762,1.000000
0.000000,0.000000,1.000000,-0.009639,4.025259,0.000000
0.000000,0.000000,0.000000,-1.345084,1.320243,0.000000
1.000000,0.000000,1.000000,0.025872,0.860359,0.000000
0.000000,0.000000,0.000000,0.821150,1.606831,1.000000
0.000000,0.000000,1.000000,-0.863726,0.256567,0.000000
1.000000,0.000000,0.000000,0.600131,-2.108296,1.000000
0.000000,0.000000,1.000000,0.447410,-0.247330,0.000000
0.000000,0.000000,1.000000,-2.536345,1.207566,0.000000
0.000000,0.000000,1.000000,-1.734794,-0.955926,0.000000
0.000000,0.000000,0.000000,1.065412,1.881760,0.000000
0.000000,0.000000,0.000000,-0.084386,1.736990,0.000000
1.000000,0.000000,0.000000,1.539980,0.005102,1.000000
1.000000,0.000000,1.000000,-0.270339,0.684119,0.000000
0.000000,0.000000,0.000000,1.007035,5.255365,0.000000
0.000000,0.000000,0.000000,-2.843127,3.382468,0.000000
1.000000,0.000000,1.000000,-2.475314,0.330281,1.000000
1.000000,0.000000,1.000000,-0.711743,3.018932,1.000000
0.000000,0.000000,1.000000,-0.016925,0.008970,0.000000
0.000000,0.000000,0.000000,-0.845377,0.415848,0.000000
1.000000,0.000000,0.000000,-0.016348,0.205766,0.000000
1.000000,1.000000,1.000000,0.715773,1.375206,0.000000
1.000000,0.000000,0.000000,0.323827,0.591976,0.000000
1.000000,0.000000,0.000000,1.879627,-2.281218,1.000000
0.000000,0.000000,0.000000,-1.193141,3.822875,0.000000
1.000000,0.000000,0.000000,-0.824644,-0.224799,0.000000
1.000000,0.000000,0.000000,0.230020,-2.005184,1.000000
1.000000,1.000000,0.000000,0.919054,-1.289830,1.000000
0.000000,0.000000,0.000000,-0.388298,2.535716,0.000000
0.000000,0.000000,1.000000,-1.445081,1.050669,0.000000
0.000000,0.000000,1.000000,-1.622103,2.917652,0.000000
0.000000,0.000000,0.000000,-0.972589,2.426489,0.000000
1.000000,0.000000,0.000000,1.560056,1.451217,1.000000
0.000000,0.000000,1.000000,-0.736099,1.143004,0.000000
1.000000,1.000000,1.000000,0.255489,3.484716,0.000000
0.000000,0.000000,0.000000,0.969287,2.991066,0.000000
0.000000,0.000000,0.000000,-0.152435,0.423070,0.000000
1.000000,1.000000,0.000000,2.380008,1.377944,0.000000
1.000000,0.000000,0.000000,0.779509,0.540038,0.000000
1.000000,0.000000,1.000000,-1.482901,1.808817,0.000000
0.000000,0.000000,1.000000,-1.227098,0.020760,0.000000
1.000000,1.000000,0.000000,2.150228,0.677167,0.000000
1.000000,1.000000,0.000000,1.185132,1.620800,0.000000
0.000000,0.000000,0.000000,1.163546,6.453604,0.000000
0.000000,1.000000,1.000000,-0.657291,1.930216,0.000000
1.000000,1.000000,1.000000,-0.660850,4.967395,1.000000
1.000000,1.000000,1.000000,0.253144,1.235882,0.000000
0.000000,0.000000,0.000000,0.116442,2.247164,0.000000
0.000000,0.000000,1.000000,-1.038438,5.313568,0.000000
1.000000,0.000000,0.000000,1.070055,1.704708,0.000000
0.000000,0.000000,0.000000,0.955741,3.614097,0.000000
0.000000,0.000000,0.000000,-0.394226,-1.591592,0.000000
0.000000,0.000000,0.000000,0.075138,2.867122,0.000000
0.000000,0.000000,1.000000,-0.606638,2.498713,0.000000
1.000000,0.000000,0.000000,0.836821,1.136812,0.000000
1.000000,0.000000,1.000000,-0.970716,0.668499,0.000000
0.000000,0.000000,0.000000,-0.470219,1.930257,0.000000
0.000000,0.000000,0.000000,0.218066,2.469588,0.000000
1.000000,0.000000,0.000000,0.615613,0.372567,1.000000
0.000000,0.000000,0.000000,0.003599,3.513105,0.000000
0.000000,0.000000,0.000000,0.443844,2.059871,0.000000
0.000000,1.000000,1.000000,-1.997568,4.343777,0.000000
1.000000,0.000000,0.000000,2.122977,-2.298799,0.000000
0.000000,0.000000,0.000000,0.141493,-2.846984,0.000000
1.000000,1.000000,1.000000,0.725247,-0.026314,1.000000
1.000000,0.000000,0.000000,0.482403,1.935654,0.000000
0.000000,0.000000,1.000000,-1.566451,-1.315306,1.000000
1.000000,0.000000,1.000000,-1.720577,4.007154,0.000000
0.000000,0.000000,0.000000,-0.302208,1.525010,1.000000
0.000000,0.000000,0.000000,-2.003371,-1.012528,0.000000
1.000000,0.000000,0.000000,-0.674431,-0.751161,1.000000
1.000000,0.000000,0.000000,0.749023,0.286602,1.000000
0.000000,0.000000,0.000000,-1.615382,6.467883,0.000000
0.000000,0.000000,1.000000,-0.690334,-2.493794,0.000000
0.000000,0.000000,0.000000,0.180900,6.753833,0.000000
0.000000,1.000000,1.000000,-1.266267,0.022238,0.000000
0.000000,0.000000,0.000000,-0.981009,3.748821,1.000000
1.000000,1.000000,0.000000,-0.994888,1.406841,1.000000
0.000000,0.000000,0.000000,-0.439614,2.976642,0.000000
1.000000,0.000000,1.000000,-1.589223,3.755497,0.000000
0.000000,0.000000,0.000000,-2.346366,0.435900,0.000000
0.000000,0.000000,0.000000,-0.491265,3.123210,1.000000
0.000000,0.000000,1.000000,-2.130748,-1.077505,1.000000
1.000000,0.000000,0.000000,-0.273097,-0.414536,0.000000
0.000000,1.000000,1.000000,-0.610351,4.135164,0.000000
0.000000,0.000000,0.000000,-0.753076,0.349433,1.000000
1.000000,0.000000,1.000000,-0.816871,3.469055,0.000000
0.000000,0.000000,0.000000,-0.054755,-1.126905,0.000000
1.000000,1.000000,0.000000,0.542025,-1.665199,0.000000
0.000000,0.000000,0.000000,0.290587,0.179878,1.000000
0.000000,0.000000,1.000000,-0.402204,0.430943,1.000000
0.000000,0.000000,0.000000,-0.399718,0.663296,1.000000
0.000000,0.000000,1.000000,-2.027759,0.828606,1.000000
0.000000,0.000000,1.000000,-3.099882,-0.732630,0.000000
1.000000,0.000000,0.000000,-0.001154,-1.049620,1.000000
0.000000,0.000000,0.000000,2.169015,1.676284,0.000000
0.000000,0.000000,0.000000,-0.022246,-0.428343,1.000000
1.000000,1.000000,1.000000,-0.248392,1.542057,0.000000
0.000000,0.000000,0.000000,-0.432481,1.725295,0.000000
1.000000,0.000000,0.000000,-0.099263,0.599557,1.000000
0.000000,0.000000,0.000000,-0.455522,2.571538,0.000000
1.000000,0.000000,1.000000,0.179800,3.797506,0.000000
1.000000,0.000000,0.000000,-0.170741,2.427742,0.000000
0.000000,0.000000,0.000000,-1.861873,2.299246,0.000000
0.000000,0.000000,0.000000,1.528653,0.269813,0.000000
1.000000,0.000000,0.000000,0.868052,2.788858,0.000000
0.000000,0.000000,1.000000,-1.803572,3.836273,0.000000
1.000000,0.000000,0.000000,0.914331,0.540152,1.000000
1.000000,1.000000,1.000000,-0.405782,2.283301,1.000000
