0.000000,0.000000,1.000000,-1.307495,2.902143,0.000000
0.000000,0.000000,0.000000,-2.314222,-1.004355,1.000000
1.000000,0.000000,0.000000,0.765793,0.339927,1.000000
1.000000,0.000000,1.000000,-1.435027,-1.498245,0.000000
0.000000,0.000000,0.000000,-0.917941,0.559592,1.000000
0.000000,1.000000,1.000000,-1.047054,4.017141,0.000000
0.000000,0.000000,0.000000,0.036398,1.472449,0.000000
0.000000,0.000000,0.000000,0.023708,-1.729448,0.000000
1.000000,0.000000,0.000000,-0.118975,-1.140275,1.000000
0.000000,0.000000,0.000000,-0.548932,-1.170027,1.000000
1.000000,0.000000,0.000000,-0.514699,0.600463,1.000000
1.000000,1.000000,0.000000,1.445700,2.197419,1.000000
0.000000,0.000000,0.000000,0.395716,0.679774,1.000000
0.000000,0.000000,1.000000,-1.177669,3.217195,0.000000
1.000000,0.000000,0.000000,1.525382,2.641113,0.000000
1.000000,0.000000,0.000000,0.993536,-3.339667,1.000000
0.000000,0.000000,0.000000,-0.041510,-0.483305,0.000000
0.000000,0.000000,0.000000,0.665304,2.052200,1.000000
0.000000,0.000000,0.000000,-1.312510,1.170491,0.000000
0.000000,1.000000,1.000000,0.693649,6.059513,0.000000
0.000000,0.000000,0.000000,-0.297810,0.782638,0.000000
0.000000,0.000000,0.000000,-1.300579,2.154097,0.000000
0.000000,0.000000,1.000000,0.440683,2.973504,0.000000
0.000000,0.000000,0.000000,-0.131674,-0.684540,0.000000
0.000000,0.000000,1.000000,0.086140,-1.612129,1.000000
0.000000,0.000000,1.000000,-2.932691,1.304040,0.000000
0.000000,0.000000,1.000000,-2.424606,3.688419,0.000000
0.000000,0.000000,1.000000,-1.850920,2.222233,0.000000
1.000000,0.000000,0.000000,0.870277,0.579945,1.000000
0.000000,1.000000,1.000000,-1.099558,1.067103,0.000000
0.000000,0.000000,0.000000,0.430821,1.211640,0.000000
0.000000,0.000000,0.000000,0.485998,0.767002,1.000000
1.000000,0.000000,0.000000,1.103571,0.458430,1.000000
0.000000,0.000000,0.000000,-0.942632,0.835125,1.000000
1.000000,0.000000,1.000000,-0.388414,0.023589,0.000000
0.000000,0.000000,0.000000,0.664183,1.795520,0.000000
0.000000,1.000000,1.000000,-1.010552,2.071324,0.000000
0.000000,1.000000,0.000000,0.715606,-0.127902,0.000000
0.000000,0.000000,1.000000,-1.184868,-0.729693,0.000000
0.000000,0.000000,1.000000,-1.363296,3.269787,0.000000
0.000000,0.000000,0.000000,0.103841,2.320925,0.000000
1.000000,1.000000,1.000000,1.269340,0.528889,0.000000
0.000000,0.000000,1.000000,-1.807592,3.083457,1.000000
1.000000,1.000000,1.000000,-1.872409,3.997677,0.000000
1.000000,1.000000,1.000000,-0.482150,2.478992,0.000000
0.000000,0.000000,1.000000,-1.693422,-1.371728,1.000000
1.000000,1.000000,0.000000,0.694692,2.989925,0.000000
0.000000,0.000000,0.000000,-0.409996,1.822719,1.000000
1.000000,1.000000,0.000000,2.444197,1.069558,1.000000
0.000000,0.000000,1.000000,-1.387597,-0.813999,0.000000
0.000000,0.000000,0.000000,-0.388730,3.049100,0.000000
1.000000,0.000000,1.000000,0.812232,1.069937,1.000000
0.000000,0.000000,1.000000,-0.979909,3.927788,0.000000
0.000000,0.000000,0.000000,-0.029090,2.399431,0.000000
0.000000,0.000000,1.000000,-1.353267,1.492971,0.000000
0.000000,0.000000,0.000000,1.337112,2.661206,0.000000
0.000000,0.000000,1.000000,-0.197830,-0.184425,1.000000
0.000000,0.000000,0.000000,-1.087247,1.436864,0.000000
0.000000,0.000000,0.000000,-1.451259,0.621132,1.000000
1.000000,1.000000,1.000000,0.042876,-0.831373,0.000000
1.000000,0.000000,0.000000,-0.669415,1.297537,1.000000
0.000000,0.000000,1.000000,-0.468028,3.750096,0.000000
0.000000,0.000000,1.000000,0.731677,1.766681,0.000000
0.000000,0.000000,0.000000,-0.170559,2.835584,0.000000
1.000000,1.000000,1.000000,0.746848,2.650631,0.000000
0.000000,0.000000,1.000000,-1.626911,6.167703,0.000000
0.000000,1.000000,1.000000,-1.516896,2.171603,0.000000
0.000000,0.000000,1.000000,-1.056984,3.446399,0.000000
1.000000,0.000000,1.000000,-2.204287,0.383550,0.000000
1.000000,0.000000,0.000000,-0.606061,-1.703785,1.000000
0.000000,0.000000,0.000000,0.440197,2.690724,0.000000
1.000000,0.000000,0.000000,0.167802,-1.203442,1.000000
1.000000,0.000000,0.000000,1.433001,2.747398,1.000000
1.000000,1.000000,0.000000,2.499945,3.148945,0.000000
0.000000,0.000000,0.000000,0.559948,1.782758,1.000000
1.000000,0.000000,0.000000,0.625269,-2.651458,1.000000
1.000000,1.000000,1.000000,0.352994,1.139932,1.000000
0.000000,0.000000,1.000000,-1.444433,4.080993,0.000000
0.000000,0.000000,1.000000,-0.840790,3.168339,0.000000
0.000000,0.000000,0.000000,-1.336406,-1.174972,0.000000
0.000000,0.000000,0.000000,-0.768078,0.932945,0.000000
1.000000,0.000000,0.000000,1.113467,-3.219638,1.000000
1.000000,0.000000,1.000000,-0.188984,-0.013654,0.000000
0.000000,0.000000,0.000000,-1.314666,4.886341,0.000000
1.000000,0.000000,1.000000,-1.278046,-2.043218,0.000000
0.000000,0.000000,0.000000,-0.820150,0.956168,0.000000
1.000000,0.000000,0.000000,-0.729515,-0.574357,1.000000
1.000000,1.000000,0.000000,-0.064079,2.125461,0.000000
1.000000,0.000000,0.000000,1.027490,0.282993,1.000000
0.000000,0.000000,1.000000,0.109872,5.955499,0.000000
1.000000,1.000000,0.000000,0.249735,2.632612,0.000000
0.000000,0.000000,0.000000,0.014190,2.796209,0.000000
0.000000,0.000000,1.000000,-1.254364,3.336238,0.000000
0.000000,0.000000,1.000000,-0.757236,4.181627,0.000000
1.000000,0.000000,0.000000,-0.027140,1.670583,0.000000
0.000000,0.000000,0.000000,-1.339294,-0.522533,0.000000
1.000000,1.000000,0.000000,1.420153,0.135719,1.000000
1.000000,0.000000,0.000000,0.767921,-0.335354,1.000000
0.000000,0.000000,1.000000,-2.025700,0.972492,0.000000
0.000000,0.000000,0.000000,-1.664479,0.754125,0.000000
