1.000000,0.000000,1.000000,-0.654831,2.140475,0.000000
0.000000,0.000000,0.000000,0.114957,0.699816,0.000000
1.000000,1.000000,0.000000,0.632325,-0.109646,1.000000
0.000000,0.000000,1.000000,-1.759435,2.196450,0.000000
0.000000,0.000000,0.000000,-0.882816,1.632905,0.000000
0.000000,0.000000,1.000000,-3.187052,2.383918,0.000000
1.000000,0.000000,1.000000,-0.393745,-1.008915,1.000000
1.000000,0.000000,1.000000,-0.902779,-1.351324,1.000000
0.000000,0.000000,1.000000,-1.829639,2.586448,0.000000
0.000000,0.000000,0.000000,-0.270887,2.610291,0.000000
0.000000,0.000000,1.000000,-1.537679,4.895960,0.000000
0.000000,0.000000,1.000000,-0.039292,6.290143,0.000000
0.000000,0.000000,1.000000,-1.793472,1.899873,0.000000
0.000000,0.000000,0.000000,1.097139,0.815631,0.000000
0.000000,0.000000,0.000000,-0.242798,0.091855,0.000000
0.000000,0.000000,0.000000,-1.120384,-0.533800,1.000000
1.000000,0.000000,0.000000,2.760979,2.568981,1.000000
1.000000,1.000000,0.000000,1.793453,2.016601,0.000000
1.000000,0.000000,1.000000,-2.118682,-3.860254,1.000000
1.000000,0.000000,0.000000,0.493363,-0.456204,1.000000
0.000000,0.000000,1.000000,-0.026454,1.087738,0.000000
0.000000,0.000000,0.000000,-1.390813,2.146524,0.000000
0.000000,0.000000,0.000000,-0.482431,0.998125,0.000000
0.000000,0.000000,1.000000,-0.711039,-0.126340,0.000000
1.000000,0.000000,0.000000,1.165625,0.285517,0.000000
0.000000,0.000000,0.000000,1.256402,-2.040447,1.000000
0.000000,0.000000,0.000000,0.813441,2.720061,0.000000
0.000000,1.000000,1.000000,-0.760695,2.718170,0.000000
0.000000,0.000000,0.000000,-1.730668,4.448586,0.000000
1.000000,0.000000,0.000000,1.267004,-2.809647,1.000000
1.000000,0.000000,0.000000,0.000587,-3.604365,1.000000
0.000000,0.000000,1.000000,-0.989445,3.816068,0.000000
0.000000,0.000000,1.000000,-2.245306,3.304850,0.000000
0.000000,0.000000,0.000000,-1.000821,1.778085,0.000000
1.000000,0.000000,1.000000,-1.694843,2.568692,0.000000
1.000000,0.000000,1.000000,-0.719374,-0.391448,0.000000
0.000000,0.000000,0.000000,0.134110,-0.347084,1.000000
1.000000,0.000000,0.000000,1.015960,-1.436547,0.000000
0.000000,0.000000,0.000000,0.986432,0.828069,1.000000
0.000000,1.000000,1.000000,0.152872,1.355988,1.000000
0.000000,0.000000,0.000000,-0.456668,1.616600,1.000000
1.000000,1.000000,0.000000,1.479234,0.758988,0.000000
1.000000,1.000000,0.000000,1.025941,-0.935172,0.000000
1.000000,0.000000,1.000000,0.863282,-1.365560,0.000000
1.000000,1.000000,1.000000,-0.675631,1.288025,1.000000
0.000000,0.000000,0.000000,0.572162,0.914966,0.000000
0.000000,1.000000,0.000000,0.845832,6.572525,0.000000
1.000000,0.000000,1.000000,0.807971,1.282265,0.000000
0.000000,0.000000,0.000000,-0.375320,1.560248,0.000000
0.000000,0.000000,0.000000,-2.519349,-0.519535,1.000000
0.000000,0.000000,0.000000,-0.876176,3.507640,0.000000
0.000000,0.000000,1.000000,-2.065143,4.580266,0.000000
0.000000,0.000000,0.000000,0.021579,1.937458,0.000000
0.000000,0.000000,1.000000,-1.135084,3.944679,0.000000
0.000000,0.000000,1.000000,-1.309129,1.641031,0.000000
1.000000,1.000000,0.000000,1.541483,2.133319,1.000000
0.000000,1.000000,0.000000,1.342738,3.136985,0.000000
1.000000,0.000000,0.000000,0.901122,3.036421,0.000000
1.000000,0.000000,0.000000,0.612496,-1.153731,1.000000
1.000000,0.000000,0.000000,0.319304,-4.132695,1.000000
1.000000,0.000000,1.000000,-0.603132,0.277698,0.000000
1.000000,0.000000,0.000000,-0.436854,0.299382,1.000000
0.000000,0.000000,1.000000,-0.813227,2.193536,0.000000
1.000000,1.000000,1.000000,0.588511,-0.879941,1.000000
1.000000,1.000000,1.000000,-1.402382,-1.442743,1.000000
1.000000,0.000000,0.000000,0.470560,-0.707346,0.000000
0.000000,0.000000,1.000000,-2.253137,1.213617,0.000000
0.000000,0.000000,0.000000,-0.993863,-1.623042,0.000000
1.000000,1.000000,1.000000,1.442308,1.094321,0.000000
0.000000,1.000000,1.000000,-0.789363,0.697585,0.000000
1.000000,0.000000,1.000000,-1.159212,1.327944,0.000000
1.000000,0.000000,0.000000,0.558002,-0.784474,1.000000
0.000000,0.000000,1.000000,-0.846752,-0.730716,0.000000
1.000000,0.000000,1.000000,0.521574,1.193448,1.000000
0.000000,0.000000,0.000000,-0.303844,0.231002,0.000000
0.000000,0.000000,1.000000,-1.792236,0.588954,0.000000
0.000000,0.000000,0.000000,0.098374,2.341834,0.000000
0.000000,0.000000,0.000000,0.312388,-2.003721,0.000000
0.000000,0.000000,0.000000,-0.890831,2.340042,0.000000
0.000000,0.000000,0.000000,0.622495,2.208427,0.000000
1.000000,1.000000,0.000000,1.969807,-1.527427,1.000000
0.000000,0.000000,1.000000,-1.546030,1.920393,0.000000
1.000000,0.000000,1.000000,-0.735791,-0.488449,1.000000
1.000000,0.000000,0.000000,1.233414,0.650129,1.000000
1.000000,0.000000,1.000000,-1.426617,3.945015,0.000000
1.000000,1.000000,0.000000,1.165419,1.190705,0.000000
1.000000,0.000000,1.000000,-1.455988,0.872362,1.000000
1.000000,1.000000,1.000000,2.109677,0.549325,1.000000
1.000000,0.000000,0.000000,0.468200,2.587057,1.000000
1.000000,0.000000,0.000000,0.300105,-1.442597,1.000000
0.000000,0.000000,0.000000,0.300882,3.563513,0.000000
1.000000,1.000000,1.000000,1.013257,-0.451765,0.000000
0.000000,1.000000,0.000000,-0.629067,-0.309051,1.000000
0.000000,1.000000,0.000000,-0.243306,2.410466,1.000000
0.000000,0.000000,1.000000,-0.337760,3.053412,0.000000
1.000000,0.000000,0.000000,-0.876018,3.486307,0.000000
0.000000,0.000000,0.000000,0.951911,4.118540,0.000000
0.000000,1.000000,1.000000,-1.865560,5.038662,0.000000
0.000000,0.000000,0.000000,-0.291082,0.689728,0.000000
0.000000,1.000000,0.000000,-0.316999,3.242806,0.000000
0.000000,0.000000,0.000000,-0.795744,1.747553,0.000000
0.000000,0.000000,1.000000,-1.254667,2.410156,0.000000
1.000000,0.000000,0.000000,0.723691,1.833398,0.000000
1.000000,1.000000,0.000000,0.594785,-0.583199,1.000000
0.000000,0.000000,0.000000,-0.261253,1.608091,0.000000
0.000000,0.000000,0.000000,-0.653354,2.510108,1.000000
1.000000,0.000000,1.000000,0.367775,3.222439,0.000000
1.000000,1.000000,1.000000,0.376309,2.911888,1.000000
1.000000,1.000000,0.000000,1.010363,-1.255185,1.000000
0.000000,0.000000,0.000000,-0.189937,0.524136,0.000000
0.000000,0.000000,0.000000,-0.263975,0.903829,0.000000
1.000000,1.000000,0.000000,0.717218,0.941924,1.000000
0.000000,0.000000,0.000000,0.196983,0.720258,1.000000
1.000000,1.000000,0.000000,0.431991,-0.405203,0.000000
0.000000,0.000000,0.000000,-0.387378,-1.188176,0.000000
0.000000,1.000000,1.000000,-1.018488,3.115067,0.000000
0.000000,0.000000,1.000000,-2.541259,1.807400,0.000000
1.000000,0.000000,0.000000,1.974416,-0.230562,1.000000
0.000000,0.000000,0.000000,-0.870458,2.574250,0.000000
0.000000,1.000000,0.000000,-1.141664,1.728649,0.000000
1.000000,1.000000,0.000000,0.619327,2.686872,0.000000
0.000000,0.000000,1.000000,-0.911486,2.477215,0.000000
1.000000,1.000000,1.000000,-0.574210,1.749385,0.000000
1.000000,1.000000,0.000000,1.999816,-2.444931,0.000000
0.000000,0.000000,0.000000,0.520426,-0.590480,0.000000
1.000000,0.000000,0.000000,1.628524,1.020939,0.000000
1.000000,0.000000,1.000000,-2.435149,0.451391,0.000000
1.000000,0.000000,0.000000,-0.731167,-0.518354,0.000000
0.000000,1.000000,1.000000,-0.155498,0.069405,0.000000
0.000000,0.000000,0.000000,-0.278863,2.551812,1.000000
0.000000,0.000000,1.000000,-0.811228,2.540749,0.000000
1.000000,0.000000,0.000000,1.924775,-0.225288,1.000000
1.000000,1.000000,1.000000,0.063671,0.985762,0.000000
1.000000,0.000000,1.000000,-0.493377,-0.331023,0.000000
0.000000,1.000000,1.000000,0.901277,3.921479,0.000000
1.000000,0.000000,0.000000,1.209760,1.347055,0.000000
1.000000,0.000000,0.000000,1.428066,0.184539,0.000000
0.000000,0.000000,0.000000,0.413297,0.064992,1.000000
0.000000,0.000000,1.000000,-0.798071,2.860025,1.000000
0.000000,0.000000,0.000000,-2.510001,3.603667,0.000000
0.000000,0.000000,0.000000,-0.041212,2.090612,0.000000
0.000000,0.000000,1.000000,-1.376260,-2.605863,0.000000
0.000000,0.000000,1.000000,0.079135,3.263770,0.000000
1.000000,1.000000,1.000000,-0.410563,1.472767,0.000000
1.000000,0.000000,0.000000,0.138757,-2.749678,0.000000
1.000000,0.000000,0.000000,-0.754122,-0.287406,0.000000
0.000000,1.000000,1.000000,-0.846634,1.982446,0.000000
0.000000,0.000000,0.000000,-1.984094,2.695037,0.000000
0.000000,0.000000,0.000000,-1.302472,-0.026650,1.000000
0.000000,0.000000,0.000000,0.627037,-1.270877,1.000000
1.000000,0.000000,0.000000,1.972400,-3.111684,1.000000
1.000000,0.000000,0.000000,0.256930,-1.930954,1.000000
0.000000,1.000000,0.000000,-0.480264,1.303930,0.000000
1.000000,0.000000,0.000000,0.838964,-0.497445,1.000000
0.000000,0.000000,1.000000,-1.592756,3.745414,0.000000
0.000000,0.000000,1.000000,-1.578441,4.026732,0.000000
0.000000,0.000000,0.000000,1.102412,2.624603,0.000000
1.000000,0.000000,0.000000,1.942713,0.836480,0.000000
0.000000,0.000000,1.000000,-3.788260,1.341132,0.000000
0.000000,0.000000,1.000000,-1.334298,3.366799,0.000000
1.000000,0.000000,0.000000,0.912032,0.058057,1.000000
1.000000,1.000000,0.000000,0.174389,2.136093,0.000000
0.000000,0.000000,0.000000,0.658817,-0.405559,1.000000
1.000000,0.000000,0.000000,0.212367,-0.874596,1.000000
0.000000,0.000000,1.000000,0.176972,4.674893,0.000000
0.000000,0.000000,1.000000,-0.253232,1.657981,0.000000
0.000000,0.000000,0.000000,0.353614,2.279223,0.000000
0.000000,0.000000,0.000000,0.618711,4.012826,0.000000
1.000000,1.000000,0.000000,1.807153,1.183298,0.000000
1.000000,0.000000,0.000000,2.280699,2.763647,0.000000
0.000000,0.000000,0.000000,0.686541,2.584741,0.000000
0.000000,0.000000,1.000000,-0.746656,2.774701,0.000000
0.000000,0.000000,0.000000,0.739189,1.539511,0.000000
0.000000,0.000000,1.000000,-1.736880,0.709187,0.000000
0.000000,0.000000,0.000000,-1.114436,4.029237,0.000000
0.000000,1.000000,1.000000,-0.378816,5.362771,0.000000
0.000000,0.000000,0.000000,-1.330729,0.596445,0.000000
1.000000,1.000000,1.000000,-0.825735,-0.209957,0.000000
0.000000,0.000000,1.000000,0.518857,3.025492,0.000000
0.000000,0.000000,0.000000,0.013720,0.663517,1.000000
0.000000,1.000000,1.000000,-0.628766,2.230071,0.000000
1.000000,0.000000,0.000000,0.594888,2.504157,0.000000
0.000000,0.000000,0.000000,0.206951,3.295191,0.000000
1.000000,0.000000,0.000000,2.020463,0.258939,0.000000
0.000000,0.000000,0.000000,-1.083396,-0.307452,0.000000
1.000000,1.000000,0.000000,1.114337,2.330714,1.000000
1.000000,1.000000,1.000000,-1.257270,-1.417983,0.000000
1.000000,1.000000,0.000000,2.875740,1.437752,1.000000
0.000000,0.000000,0.000000,0.241798,0.828827,0.000000
1.000000,0.000000,1.000000,-1.303091,2.620781,0.000000
0.000000,0.000000,0.000000,-0.716544,2.044373,0.000000
0.000000,0.000000,1.000000,-2.176715,5.625943,0.000000
0.000000,0.000000,1.000000,-0.996666,4.747965,0.000000
1.000000,1.000000,0.000000,2.146655,5.386786,0.000000
0.000000,0.000000,0.000000,-0.048820,1.619507,0.000000
0.000000,1.000000,1.000000,-0.600283,1.103543,1.000000
1.000000,0.000000,0.000000,-0.768202,-0.616571,0.000000
0.000000,1.000000,1.000000,-0.363805,6.167831,0.000000
1.000000,0.000000,1.000000,-0.052932,-3.534718,1.000000
1.000000,1.000000,0.000000,2.741005,3.678423,0.000000
0.000000,0.000000,1.000000,0.748102,0.049113,0.000000
0.000000,0.000000,0.000000,-0.964160,1.262372,1.000000
0.000000,0.000000,0.000000,0.795422,0.382888,1.000000
0.000000,0.000000,0.000000,0.414430,1.106921,1.000000
0.000000,0.000000,1.000000,-1.671073,4.739513,0.000000
1.000000,0.000000,0.000000,0.662818,0.850861,0.000000
1.000000,0.000000,0.000000,-1.149076,-0.561889,1.000000
1.000000,0.000000,1.000000,0.458103,-1.346913,1.000000
1.000000,1.000000,0.000000,0.927861,-0.527358,0.000000
0.000000,0.000000,1.000000,-1.454868,1.362528,0.000000
1.000000,1.000000,0.000000,-0.050304,-0.272278,1.000000
1.000000,0.000000,1.000000,-0.520863,-2.495067,1.000000
1.000000,0.000000,0.000000,-0.508817,0.154188,1.000000
1.000000,0.000000,0.000000,0.929471,3.709201,0.000000
1.000000,0.000000,0.000000,-0.933549,-0.209499,1.000000
0.000000,0.000000,1.000000,-1.321582,1.848929,0.000000
1.000000,0.000000,0.000000,1.142315,-0.745167,1.000000
0.000000,0.000000,1.000000,-2.717603,3.044769,0.000000
1.000000,1.000000,1.000000,1.662047,5.179421,0.000000
1.000000,0.000000,0.000000,0.632743,-0.904317,1.000000
1.000000,0.000000,0.000000,1.603099,0.652207,1.000000
0.000000,0.000000,0.000000,-0.202723,4.662775,0.000000
0.000000,0.000000,1.000000,-1.211899,0.901513,0.000000
0.000000,1.000000,0.000000,-0.580774,1.112284,0.000000
0.000000,0.000000,0.000000,-1.079911,-0.362335,0.000000
1.000000,1.000000,0.000000,0.326322,-3.650044,1.000000
1.000000,0.000000,1.000000,-0.220814,-1.363822,1.000000
0.000000,0.000000,0.000000,0.099482,3.664208,1.000000
0.000000,0.000000,0.000000,0.159839,3.316618,0.000000
0.000000,1.000000,1.000000,1.382212,4.888200,0.000000
1.000000,0.000000,0.000000,2.705568,3.599841,0.000000
0.000000,0.000000,1.000000,0.375356,3.456488,0.000000
1.000000,0.000000,0.000000,1.153640,1.608643,1.000000
0.000000,0.000000,0.000000,0.481681,0.848796,0.000000
0.000000,0.000000,0.000000,-0.382231,1.772623,1.000000
0.000000,0.000000,1.000000,-0.533109,0.844865,1.000000
0.000000,0.000000,0.000000,-0.768274,-0.206922,0.000000
0.000000,0.000000,1.000000,-1.165944,1.899304,0.000000
0.000000,0.000000,0.000000,0.973081,-0.501788,1.000000
0.000000,0.000000,0.000000,-1.566394,0.761801,0.000000
1.000000,0.000000,0.000000,1.198229,-1.162762,0.000000
1.000000,0.000000,0.000000,2.726363,-0.865657,1.000000
1.000000,0.000000,0.000000,1.104356,1.910628,0.000000
0.000000,0.000000,1.000000,0.612004,2.570760,0.000000
1.000000,1.000000,0.000000,1.194263,2.181736,1.000000
1.000000,0.000000,0.000000,1.161229,-0.267378,0.000000
0.000000,0.000000,1.000000,0.151552,-0.155964,0.000000
0.000000,0.000000,0.000000,-0.643993,6.522640,0.000000
0.000000,0.000000,0.000000,0.544352,3.539543,0.000000
1.000000,0.000000,0.000000,1.689629,0.643612,1.000000
